2497.904399
2293.645581
2414.994916
2586.089941
2298.167916
2373.540174
2564.985709
2362.988058
2520.516077
2566.493154
2601.918115
2593.627167
2453.434767
2831.803501
2753.416353
2361.480613
2815.221605
2498.658122
2080.342092
2739.849347
2676.53665
2764.722192
2579.306438
2504.687903
2280.078575
2258.22062
2310.227478
2409.718858
2245.407336
2286.108355
2128.580337
2558.202206
2301.182807
2245.407336
2474.539
2286.108355
2350.928497
2362.988058
2464.740606
2644.880302
2105.968659
2601.164393
2408.211413
2358.465723
2550.66498
2710.454166
2583.075051
2308.720033
2196.415369
3074.502171
2092.401653
2462.479438
2316.257258
2315.503536
2353.943387
2377.308787
2362.988058
2111.99844
2421.778419
2255.959452
2598.149502
2617.746289
2342.637549
2344.898716
2696.88716
2751.155185
2304.95142
2579.306438
1620.571319
1952.962976
2185.10953
2195.661646
2318.518426
2442.882651
2534.083083
2343.391271
2435.345426
2546.896367
2612.470231
2107.476104
1689.913797
2384.09229
2411.980026
2212.997265
2304.95142
2209.982375
2222.795659
2375.801342
2543.127754
2522.023522
2691.611102
2715.730224
2388.614626
2997.622468
2521.269799
2843.10934
2379.569955
2631.313296
2157.221795
2052.454356
2709.700444
2532.575638
2634.328186
2586.843664
2299.675362
2592.119722
1992.15655
1940.903415
2257.466897
2561.217096
2268.019013
2170.788801
1822.56897
2565.739431
2233.347775
2349.421052
2402.935355
2367.510394
2438.360316
2322.287039
2631.313296
2299.675362
2465.494329
2870.243353
2281.58602
2408.965135
2478.307612
2384.09229
2823.512553
2437.606593
2292.891858
2546.896367
2519.762354
2263.496678
2606.440451
2411.226303
2223.549381
2574.03038
2069.036253
2613.223954
2399.166742
2435.345426
2473.031554
2358.465723
2531.821915
2518.254909
2171.542523
2236.362665
2574.784102
2446.651264
2350.928497
2427.054477
2333.592878
2261.989233
2497.150677
2386.353458
2546.896367
2518.254909
2550.66498
2174.557414
2576.291548
2529.560748
2693.118547
2595.134612
2607.947896
2226.564272
2370.525284
2395.398129
2089.386763
2463.986883
2360.72689
2498.658122
2758.692411
2333.592878
2001.201221
2469.262942
2738.341902
2336.607768
2453.434767
2473.031554
2057.730414
2550.66498
2626.037238
2516.747464
2736.834456
2071.297421
2252.944562
2111.99844
1992.15655
2299.675362
2035.87246
2118.781943
2862.706127
2271.033904
2083.356982
2454.942213
2419.517251
2637.343076
2474.539
2191.893033
2220.534491
2326.809374
2307.96631
1944.672028
1983.865602
2703.670663
2384.09229
2622.268625
2315.503536
2378.816232
2145.915956
2046.424576
1784.129119
2268.772736
2154.960627
2331.33171
2668.999425
2408.965135
2256.713175
2689.349934
2369.017839
2136.117562
2657.693586
2396.905574
2214.50471
2134.610117
2350.174774
2181.340917
2497.904399
1949.948086
2350.174774
2258.22062
2052.454356
2469.262942
2237.87011
2251.437117
2119.535666
2154.960627
2108.229827
2648.648915
2105.214937
2278.571129
1993.663995
1915.276847
2079.588369
2053.208079
2093.155375
2160.236685
2249.929672
1977.835821
2243.146168
2170.035078
2247.668504
2211.48982
2263.496678
2187.370698
2322.287039
2296.660471
2178.326027
2064.513918
2541.620309
1998.186331
1960.500202
1974.820931
2188.12442
1844.426925
2241.638723
1958.239034
2234.85522
2102.953769
2355.450832
2112.752162
2306.458865
2027.581511
2302.690252
2395.398129
2203.198872
2441.375206
2326.809374
2263.496678
2785.072701
2023.812898
2266.511568
2308.720033
2160.990407
2499.411845
2050.946911
2203.952594
2206.213762
2244.653613
2329.070542
2435.345426
2389.368348
1948.440641
1846.688093
2245.407336
2219.780768
2050.946911
2224.303104
2255.959452
2145.915956
2531.068193
2442.882651
2427.8082
1995.925163
2271.787626
2449.666155
2568.754322
2230.332885
2029.088956
2239.377555
2315.503536
1919.799183
2365.249226
2371.279006
2340.376381
2470.770387
2479.815058
1989.14166
2151.192014
2118.02822
1867.792325
2014.014505
2467.755496
2478.307612
1930.351299
2494.889509
2017.029395
2342.637549
2658.447308
2389.368348
2373.540174
2157.975517
2377.308787
2637.343076
2189.631865
2318.518426
2350.928497
2332.839155
2315.503536
2390.875793
2310.9812
2698.394605
2017.029395
2017.029395
2337.36149
1935.627357
2439.114038
2144.408511
1923.567796
2167.020188
2374.293897
2405.950245
2124.811724
2561.970819
2410.47258
2645.634025
2331.33171
2361.480613
1940.149692
2213.750988
2771.505695
2336.607768
2135.36384
2232.594052
2346.406161
2759.446134
2098.431433
2085.61815
1646.197887
2419.517251
2482.829948
2144.408511
2542.374032
2200.183981
2241.638723
1799.20357
2220.534491
2422.532142
2395.398129
2269.526459
2517.501186
2170.788801
2202.445149
2317.764703
2515.240019
2219.780768
2322.287039
2257.466897
2346.406161
2261.989233
1958.992757
2285.354633
2164.005298
2158.72924
2054.715524
1907.739621
2448.912432
2269.526459
2298.921639
2007.231002
2170.035078
2046.424576
2171.542523
2199.430259
2286.108355
2470.770387
2506.195348
2348.667329
2396.905574
1868.546047
2035.118737
1668.809564
1862.516267
2000.447498
1937.888525
2111.99844
2027.581511
2331.33171
2225.810549
2484.337393
2050.193189
2390.122071
2258.974342
1894.926338
2378.816232
2140.639898
2203.952594
2140.639898
2139.886175
2035.118737
2090.140485
1793.17379
2271.787626
2096.170266
2209.982375
2247.668504
2105.214937
2439.114038
1976.328376
2071.297421
1837.643422
1988.387937
1819.55408
1911.508234
2268.772736
2557.448483
2398.413019
2578.552715
2397.659297
2201.691427
2041.90224
1716.294087
2004.969834
1540.676726
1893.418892
1463.797023
1955.224144
1876.083273
2157.221795
2238.623833
2281.58602
1931.858744
1830.859919
1897.187505
2145.162233
2436.852871
2260.481788
2085.61815
1928.090131
2414.994916
2261.989233
2003.462389
2177.572304
1974.067208
1821.061525
2086.371872
2177.572304
2046.424576
1925.075241
2254.452007
2226.564272
2255.959452
2214.50471
1886.635389
1907.739621
2220.534491
2098.431433
2045.670853
2473.785277
2462.479438
2022.305453
1790.158899
2222.041936
2212.997265
1859.501376
2338.115213
2359.219445
2064.513918
2356.204555
2428.561922
2382.584845
2317.764703
2261.23551
2566.493154
1770.562112
1962.007647
2228.071717
1840.658312
2255.20573
2219.780768
2243.146168
2195.661646
2218.273323
2604.933005
2133.856395
2338.868936
1756.995106
2190.385588
2511.471406
2390.875793
2236.362665
2014.014505
2123.304279
1903.217286
2708.192999
2146.669678
2612.470231
2162.497853
1833.874809
2087.879317
2632.820741
2637.343076
2187.370698
2301.936529
2389.368348
2052.454356
2170.035078
2444.390096
1980.096989
2463.986883
2304.197697
2598.149502
2216.012156
2254.452007
2542.374032
1925.828963
2141.39362
2010.999615
2137.625008
1939.39597
2642.619134
2447.404987
2175.311136
2131.595227
2511.471406
2532.575638
2354.69711
2853.661456
2381.0774
2549.911257
2313.242368
2142.147343
2012.50706
2233.347775
2608.701618
2394.644406
2667.491979
2246.914781
2213.750988
2332.839155
2159.482962
2192.646756
2217.519601
2491.120896
2380.323677
2181.340917
2445.897542
2129.334059
1690.667519
1907.739621
2194.907923
2075.066034
2315.503536
2237.87011
2089.386763
2320.025871
2361.480613
2252.190839
2490.367174
2298.921639
2133.102672
1989.14166
2225.810549
2393.136961
2186.616975
2393.136961
2137.625008
1996.678886
1784.129119
2106.722382
2069.789976
2225.810549
2096.923988
2019.290563
1901.709841
1769.80839
1960.500202
1787.144009
1990.649105
2144.408511
2014.768227
2189.631865
2072.051143
2459.464548
2470.016664
2239.377555
2379.569955
2185.863252
2421.778419
2375.801342
2295.906749
1804.479628
2416.502361
2154.960627
2360.72689
2018.53684
1854.979041
2370.525284
2678.797818
2603.42556
2349.421052
2220.534491
2589.858554
2159.482962
2228.071717
2547.65009
2310.9812
2307.96631
2564.231986
2039.641072
2647.14147
2397.659297
2129.334059
2098.431433
2114.259608
2419.517251
2427.8082
2341.130103
2216.012156
2204.706317
2649.402638
2265.757846
2345.652439
2212.997265
2160.990407
1971.052318
2193.400478
2675.782928
2707.439276
2023.812898
2047.932021
2660.708476
2470.770387
2124.058001
2184.355807
2398.413019
2686.335044
2237.87011
2555.187315
2096.923988
2684.073876
2501.673012
2339.622658
2583.828773
2796.37854
2680.305263
2374.293897
2446.651264
2331.33171
2488.859729
2419.517251
2182.848362
2687.842489
2473.785277
1816.53919
2899.638533
2574.784102
2785.826424
2424.039587
2961.443785
2253.698284
2147.423401
2710.454166
2256.713175
2454.942213
2324.548207
2316.257258
2531.821915
2659.201031
2310.9812
2742.864237
2549.157535
2621.514902
2777.535476
2418.009806
2446.651264
2410.47258
2435.345426
2598.149502
2512.978851
2640.357967
2313.996091
2489.613451
2137.625008
2815.975327
2575.537825
2717.991392
2273.295071
2934.309772
2543.127754
2388.614626
2812.960437
2408.965135
2763.968469
2693.118547
2136.871285
2537.097973
2007.984724
2864.213572
2399.166742
2521.269799
2624.529792
2736.080734
2510.717683
2365.249226
2646.387747
2246.161059
2662.969644
2755.677521
2253.698284
2564.985709
2400.674187
2207.721207
2595.134612
2329.824265
2776.781753
2921.496488
2576.291548
2855.168901
2666.738257
2865.721017
2620.76118
2363.741781
2570.261767
2378.06251
2262.742955
2290.630691
2560.463373
2102.953769
2284.60091
2451.1736
2595.134612
2531.068193
2418.763529
2246.161059
3051.136771
2346.406161
2509.210238
2373.540174
2231.84033
1968.79115
2501.673012
2429.315645
2282.339742
2776.028031
2520.516077
2743.61796
2614.731399
2703.670663
2034.365014
2492.628341
2453.434767
2381.831123
2176.818582
2604.179283
2561.970819
2130.841504
2469.262942
2503.93418
2354.69711
2026.827789
2285.354633
2742.864237
2176.064859
2134.610117
2725.528618
2319.272149
1893.418892
2689.349934
2286.108355
2221.288214
2604.179283
2299.675362
2958.428894
2609.455341
2257.466897
2197.922814
2582.321328
2871.750798
2272.541349
2459.464548
2314.749813
2469.262942
2556.69476
2516.747464
3037.569765
2307.212587
2630.559573
2017.783118
2430.82309
2303.443975
2717.237669
2498.658122
2289.123246
2161.74413
2677.290373
2234.101497
2369.771561
2298.167916
2359.219445
2629.80585
2476.800167
2564.985709
2354.69711
2401.42791
2217.519601
2540.112864
2161.74413
2525.792135
2049.439466
2194.907923
2534.083083
2540.866586
2381.0774
2721.760005
2183.602085
2372.786452
2724.774895
2334.3466
2718.745115
2739.849347
2444.390096
2586.843664
2455.695935
2564.231986
2773.01314
2920.742765
2234.85522
2684.827599
2120.289388
2098.431433
2446.651264
2418.763529
2789.595037
2384.846013
2616.238844
2666.738257
2359.219445
2530.31447
2504.687903
2953.906559
2699.90205
2552.172425
2482.829948
2103.707492
1899.448673
2470.016664
2749.64774
2701.409495
3323.230622
2917.727875
2999.129913
2864.213572
2814.467882
2626.79096
2512.225128
2408.965135
2326.055652
2856.676346
2396.151852
2675.029205
2632.067018
2298.921639
2665.984534
2621.514902
3161.93399
3005.913417
2727.036063
2776.028031
2489.613451
2145.162233
2652.417528
2320.025871
2593.627167
2272.541349
2561.217096
2681.812708
2203.198872
3009.682029
2883.810359
3357.90186
2882.302914
2871.750798
2817.482772
2096.923988
2753.416353
2897.377365
2672.014315
2447.404987
2691.611102
2754.170076
2273.295071
2682.566431
3283.283325
3224.492964
2495.643232
2719.498837
2739.095624
2320.779594
2370.525284
2290.630691
2536.344251
2870.997075
2797.885985
2500.91929
2471.524109
2973.503346
3221.478074
2644.880302
2996.868746
2686.335044
2894.362475
2474.539
3351.118357
2613.977676
1980.850711
2703.670663
2469.262942
2744.371682
2259.728065
2669.753147
2489.613451
2151.192014
2436.852871
2988.577797
2672.768037
3275.746099
2692.364824
2555.941038
2923.757656
2291.384413
1957.485312
2413.487471
2268.019013
2352.435942
2593.627167
2761.707302
2892.101307
2962.197507
2710.454166
2682.566431
2654.678696
2696.88716
2640.357967
2445.897542
2580.813883
2442.882651
3060.935165
3206.403622
2448.912432
2499.411845
2314.749813
2846.12423
2178.326027
2324.548207
2225.810549
2655.432418
2982.548017
2910.190649
2858.183791
2739.849347
2682.566431
2512.978851
2552.926148
2506.94907
2491.874619
2593.627167
2586.089941
2604.179283
2156.468072
2691.611102
2751.155185
2513.732574
2491.120896
2168.527633
2275.556239
2520.516077
2129.334059
2001.201221
2163.251575
2298.921639
2839.340727
2742.864237
2387.860903
2230.332885
2607.947896
2180.587194
2619.253734
2225.810549
2469.262942
2561.217096
2825.773721
2278.571129
2889.84014
2483.58367
2680.305263
2538.605419
2336.607768
2486.598561
2450.419877
2270.280181
2245.407336
2588.351109
2684.073876
2034.365014
2693.118547
2630.559573
2194.154201
2191.893033
2485.091116
2190.385588
2568.754322
2749.64774
2763.968469
2841.601895
2635.081909
2742.110515
2595.134612
2106.722382
2314.749813
2553.67987
2346.406161
2246.914781
2748.894018
2500.91929
2665.984534
2657.693586
2313.996091
2979.533126
2769.244527
2718.745115
2660.708476
2779.042921
2722.513728
2720.25256
2387.860903
2613.223954
2604.179283
2333.592878
2688.596212
2411.980026
2478.307612
2502.426735
2607.947896
2462.479438
2345.652439
2567.246877
2457.20338
2502.426735
2675.029205
2170.788801
2467.001774
1954.470421
2698.394605
2418.763529
2318.518426
2794.871095
2886.825249
2875.519411
2868.735908
2808.438101
2803.162043
2649.402638
2702.163218
2605.686728
2316.257258
2230.332885
2278.571129
2307.96631
2391.629516
2176.064859
2287.6158
2510.717683
2795.624818
3015.71181
2887.578972
2539.359141
2618.500012
2520.516077
2566.493154
2602.671838
2040.394795
2525.038412
2179.833472
2259.728065
2441.375206
2626.79096
2427.054477
2711.207889
2656.186141
2638.850521
2470.016664
2635.835631
2174.557414
2160.990407
2162.497853
2628.298405
2069.036253
2009.492169
2228.071717
2258.974342
2237.87011
2518.254909
2781.304089
2375.047619
2129.334059
2375.047619
2151.945736
2185.10953
2362.234336
2394.644406
2315.503536
2332.839155
2427.054477
2026.074066
2157.975517
2393.136961
2247.668504
2358.465723
2529.560748
2014.768227
2315.503536
2578.552715
2623.77607
1998.186331
2241.638723
2170.788801
2792.609927
2391.629516
2240.131278
2411.226303
2166.266465
2067.528808
2098.431433
2231.84033
2277.817407
2100.692601
2285.354633
1749.45788
2370.525284
2755.677521
2532.575638
2562.724541
2274.802517
2336.607768
2512.225128
1736.644596
2008.738447
2470.770387
2539.359141
1986.126769
1854.225318
2168.527633
2111.244717
2623.77607
2541.620309
2117.274498
2090.140485
2106.722382
2081.095814
2517.501186
2528.053303
1836.889699
1515.803881
2458.710825
2474.539
2041.148518
2320.025871
2544.635199
2408.211413
2450.419877
2285.354633
2470.016664
2244.653613
2287.6158
1967.283705
1791.666345
2385.599735
2036.626182
2176.818582
2479.061335
2102.953769
2407.45769
2197.922814
2188.878143
2174.557414
2702.91694
2413.487471
1961.253924
2023.059176
1823.322693
2472.277832
2729.297231
2723.26745
2249.929672
2246.914781
2469.262942
2639.604244
2262.742955
1811.263132
1842.165757
1928.090131
2905.668314
2331.33171
1707.249416
2332.085432
2615.485122
2325.301929
2476.800167
2562.724541
2354.69711
2073.558588
2142.901066
2438.360316
1512.788991
2230.332885
1987.634215
1582.885191
2023.059176
2577.798993
2563.478264
2251.437117
2353.189665
2170.788801
2439.867761
1971.052318
2656.186141
2728.543508
2487.352283
2491.120896
2623.022347
2231.84033
2551.418702
2285.354633
2491.120896
2713.469057
1969.544873
2489.613451
2336.607768
2510.717683
2254.452007
2736.834456
2702.163218
2476.046445
2241.638723
1924.321518
2828.788611
2085.61815
2051.700634
2896.623643
2111.99844
2353.189665
2070.543698
2228.071717
2604.933005
2118.781943
2206.967485
2206.213762
2467.001774
1927.336408
2797.132263
2831.049779
2574.784102
2746.63285
2050.946911
2581.567606
2188.12442
2230.332885
2638.850521
2187.370698
1867.038602
2464.740606
2748.140295
2925.265101
2502.426735
2164.75902
1846.688093
2355.450832
1836.889699
2455.695935
2558.202206
2421.778419
2592.119722
2304.197697
2437.606593
2553.67987
2256.713175
1880.605609
2734.573289
2455.695935
2114.259608
2354.69711
2031.350124
2304.197697
2569.508044
2034.365014
2069.789976
2428.561922
1824.076415
2802.408321
1699.71219
1994.417718
2317.010981
1929.597576
2358.465723
2296.660471
2641.111689
2721.760005
2274.048794
2540.112864
1884.374222
2281.58602
1751.719048
2261.989233
2142.901066
2248.422226
2194.907923
2025.320343
2069.036253
2407.45769
2139.886175
2034.365014
1946.933195
2410.47258
2085.61815
1954.470421
1968.79115
2069.789976
2191.893033
1848.94926
2543.127754
2062.25275
1549.721397
2344.898716
2154.206904
2442.128929
2017.783118
2164.75902
1974.820931
2234.101497
2645.634025
2412.733748
2307.212587
1896.433783
2287.6158
2531.068193
2073.558588
2605.686728
2439.114038
2182.09464
2093.909098
1961.253924
2148.177124
2081.849537
1975.574653
2074.312311
1624.339932
1711.018029
1888.142834
2110.490995
2328.31682
2017.029395
2553.67987
2334.3466
2317.010981
2315.503536
1901.709841
2040.394795
2283.847188
1827.845028
2287.6158
1998.186331
2478.307612
1893.418892
2017.029395
2344.898716
2173.049969
2427.054477
2571.015489
2479.061335
2405.950245
2492.628341
2537.097973
2270.280181
1964.268815
2396.151852
2023.059176
2280.832297
2234.85522
2583.828773
2659.201031
2414.994916
2451.927322
2014.768227
2358.465723
2598.149502
2041.148518
2162.497853
2375.801342
2598.903225
2577.04527
2301.182807
1848.195538
2184.355807
2338.868936
2322.287039
2350.928497
1940.903415
2426.300755
2506.94907
2597.39578
1908.493344
2565.739431
2144.408511
2736.834456
2396.905574
2384.09229
2360.72689
1983.865602
2255.20573
2414.994916
2338.115213
2367.510394
2544.635199
2497.150677
3036.816042
2276.309962
2170.035078
2150.438291
2426.300755
2071.297421
2157.221795
2181.340917
2376.555065
1670.31701
2608.701618
2276.309962
2640.357967
2463.233161
2311.734923
2509.210238
2141.39362
2596.642057
2308.720033
2307.212587
2636.589354
2650.15636
2147.423401
2313.242368
2358.465723
2186.616975
2083.356982
2378.06251
1899.448673
2382.584845
2626.79096
2311.734923
1974.067208
2319.272149
2384.09229
2323.794484
2231.086607
2173.803691
2748.140295
2127.072891
2283.847188
1983.865602
2615.485122
2687.088766
2424.793309
2624.529792
1943.918305
2855.168901
2711.207889
2543.127754
2783.565256
2366.756671
2632.067018
2173.803691
1919.04546
1812.770577
2322.287039
2108.229827
2359.973168
2332.839155
2258.22062
2173.049969
2421.024697
1831.613641
2104.461214
2122.550556
2440.621484
2504.687903
2411.226303
1716.294087
2201.691427
2586.089941
2724.774895
2423.285864
2160.990407
2314.749813
2644.880302
2668.245702
2290.630691
2568.754322
2224.303104
2289.876968
1903.971009
2486.598561
1955.224144
2388.614626
1971.052318
2622.268625
2359.973168
2540.112864
2116.520775
2063.760195
2503.93418
2363.741781
2161.74413
1727.599925
2168.527633
2585.336218
1962.76137
2556.69476
2343.391271
2366.002948
1952.209253
2503.93418
2180.587194
2036.626182
2037.379905
1904.724731
2063.006472
2404.4428
2450.419877
1917.538015
2436.852871
2420.270974
2403.689077
2038.88735
2127.826614
1898.69495
2593.627167
1928.090131
2428.561922
2319.272149
2510.717683
1724.585035
1959.746479
2178.326027
2352.435942
2467.755496
2337.36149
2101.446324
2139.132453
2439.114038
2139.886175
2601.918115
2341.130103
2494.135787
2316.257258
2323.794484
2230.332885
1905.478454
2393.890684
2343.391271
2438.360316
2377.308787
2060.745305
2397.659297
2379.569955
2353.943387
2424.793309
2596.642057
2558.955928
2555.941038
1815.785467
2240.131278
1922.06035
1969.544873
2296.660471
2254.452007
2292.138136
2226.564272
2124.058001
2500.91929
2402.935355
2355.450832
2375.047619
2401.42791
2409.718858
3095.606403
2910.944372
2473.785277
2766.229637
2234.101497
2794.871095
2408.211413
2747.386573
2547.65009
2360.72689
2926.772546
2593.627167
2748.894018
2286.108355
2640.357967
2398.413019
2068.28253
2069.036253
2663.723366
2001.201221
2718.745115
2337.36149
2430.069368
2380.323677
2570.261767
2345.652439
2528.807025
2616.992567
2430.82309
2344.144994
2289.876968
2359.219445
2871.750798
2659.201031
2461.725716
2511.471406
2274.802517
2654.678696
2750.401463
2219.027046
2271.033904
2251.437117
2357.712
2689.349934
2911.698094
2595.888335
2148.930846
2286.862078
2255.959452
2504.687903
2489.613451
2278.571129
2070.543698
2340.376381
2134.610117
2578.552715
2216.765878
2926.018823
2608.701618
2075.066034
2043.409685
2938.078385
2499.411845
2539.359141
2209.982375
1938.642247
2788.087592
2650.15636
2342.637549
2623.77607
2505.441625
2450.419877
2057.730414
2595.134612
2649.402638
2208.47493
2497.904399
2456.449658
2182.848362
2231.086607
2514.486296
2535.590528
2542.374032
2029.088956
2265.004123
2284.60091
2418.763529
2345.652439
2069.036253
2369.771561
2338.115213
2409.718858
1948.440641
2463.986883
2369.771561
2463.986883
2831.049779
2447.404987
2128.580337
2146.669678
2474.539
2305.705142
1986.126769
2037.379905
2301.182807
2266.511568
2204.706317
2310.9812
2523.530967
1811.263132
2173.049969
2705.178108
2227.317994
2525.792135
2219.027046
2115.767053
2327.563097
2215.258433
2375.047619
1836.889699
2216.012156
2965.212397
1922.06035
1931.858744
2084.864427
2197.169091
2234.101497
2277.817407
2532.575638
2108.229827
2394.644406
1978.589544
2375.047619
2642.619134
1886.635389
2437.606593
2568.754322
2363.741781
2513.732574
2261.23551
2243.899891
2020.044285
2269.526459
2679.551541
2084.864427
2426.300755
2399.920464
2120.289388
2087.879317
1835.382254
2251.437117
2288.369523
2700.655773
2558.202206
2388.614626
2549.911257
2366.002948
2281.58602
2486.598561
2261.989233
2509.963961
2553.67987
2069.789976
2617.746289
2123.304279
2506.195348
2684.827599
2655.432418
2552.172425
2123.304279
2233.347775
2093.155375
2166.266465
2236.362665
2498.658122
2129.334059
2433.084258
2424.039587
2321.533316
2202.445149
2643.372857
2166.266465
2011.753337
2384.846013
2000.447498
1860.255099
2001.954944
2485.844838
2360.72689
2228.071717
2402.935355
2630.559573
2893.608753
2494.135787
2457.957103
2418.009806
2442.882651
2500.91929
2549.911257
2646.387747
2292.891858
2299.675362
1744.935545
2271.033904
2198.676536
2367.510394
2520.516077
2261.23551
2355.450832
2509.963961
2321.533316
2550.66498
2186.616975
2479.815058
2542.374032
2441.375206
2340.376381
1994.417718
2320.025871
2788.087592
2705.178108
2624.529792
2837.079559
2414.241193
2624.529792
2369.771561
2484.337393
2279.324852
2714.976502
2370.525284
2167.773911
2433.83798
2390.875793
1738.152042
2906.422036
2577.04527
2451.927322
2304.95142
2476.046445
2703.670663
2755.677521
2562.724541
2329.070542
2195.661646
2519.762354
2628.298405
2764.722192
2712.715334
2439.867761
2687.842489
2494.135787
2668.999425
2676.53665
2480.56878
2077.327201
2483.58367
2398.413019
2450.419877
2244.653613
2635.081909
2383.338568
2448.912432
2344.144994
2626.79096
2370.525284
2355.450832
2207.721207
2041.148518
2331.33171
2531.068193
1902.463563
2350.928497
2493.382064
2451.927322
2461.725716
2317.010981
2431.576813
2261.23551
2441.375206
2608.701618
2338.868936
2073.558588
1984.619324
2232.594052
2656.186141
2529.560748
2662.215921
2335.100323
2301.936529
2393.136961
2237.116388
2399.166742
2158.72924
2397.659297
2356.204555
2275.556239
2436.852871
2246.161059
2445.143819
2659.201031
2621.514902
2165.512743
2471.524109
2448.158709
2127.072891
2297.414194
2079.588369
2332.085432
1950.701808
2341.883826
2357.712
2513.732574
2374.293897
2342.637549
2508.456516
2479.061335
2472.277832
2151.945736
2280.078575
2184.355807
2474.539
2418.009806
2329.070542
2526.545857
2414.241193
2017.029395
2035.87246
2258.22062
2246.914781
2638.096799
2005.723556
2056.222969
2550.66498
2243.146168
2214.50471
2338.115213
2409.718858
2239.377555
2555.187315
2478.307612
2375.047619
2522.023522
2423.285864
2370.525284
2512.225128
2243.146168
1886.635389
2636.589354
2416.502361
2264.2504
2325.301929
2050.193189
2179.833472
2420.270974
2467.001774
2854.415179
2384.846013
2099.938879
1655.996281
2544.635199
2147.423401
2619.253734
2366.756671
2137.625008
2275.556239
2623.77607
2758.692411
2335.854045
2924.511378
2783.565256
2041.148518
2276.309962
2314.749813
2473.785277
2371.279006
2208.47493
2670.50687
2163.251575
2417.256084
2571.015489
2608.701618
2571.015489
1916.03057
2724.774895
2678.044095
2491.874619
2334.3466
2708.192999
2194.154201
2354.69711
2873.258243
2613.223954
2500.165567
2292.138136
2776.781753
1980.096989
2522.777245
2546.896367
2231.84033
2421.024697
2338.115213
2592.119722
2213.750988
2456.449658
2486.598561
2857.430069
2377.308787
2751.908908
2241.638723
2392.383239
2534.083083
2335.100323
2897.377365
2773.766863
2406.703968
2640.357967
2501.673012
2476.046445
2877.780578
2730.050953
2696.88716
2641.111689
2629.80585
2562.724541
2709.700444
2128.580337
2421.778419
2053.208079
2696.88716
2902.653423
2196.415369
2676.53665
2336.607768
2358.465723
2689.349934
2150.438291
2727.036063
2644.880302
3100.128739
2528.807025
2331.33171
2961.443785
2495.643232
2438.360316
2500.91929
2911.698094
2717.237669
2665.230812
2847.631675
2641.865412
2691.611102
2464.740606
2826.527443
2721.760005
2345.652439
2517.501186
2268.772736
2569.508044
2873.258243
2587.597386
2623.022347
2528.807025
2502.426735
2386.353458
2372.032729
2488.859729
2552.926148
2608.701618
2662.215921
2439.114038
2851.400288
2324.548207
2791.102482
2849.139121
2244.653613
2436.099148
2199.430259
2184.355807
2403.689077
2528.807025
2052.454356
2419.517251
2311.734923
2207.721207
2240.885001
2298.167916
2769.99825
2334.3466
2097.677711
2110.490995
2333.592878
2396.905574
2362.234336
2476.800167
2555.187315
2356.958278
2099.938879
2269.526459
2427.054477
2460.218271
2300.429084
2196.415369
2815.975327
2480.56878
2081.849537
2399.920464
2336.607768
2092.401653
2374.293897
2166.266465
2327.563097
2355.450832
2398.413019
2931.294881
2541.620309
2844.616785
2280.078575
2213.750988
1873.822105
2427.8082
2579.306438
2073.558588
2157.221795
2379.569955
2168.527633
2624.529792
1958.239034
2284.60091
2723.26745
2562.724541
2186.616975
2101.446324
2294.399304
2340.376381
2524.28469
2714.976502
2457.957103
2361.480613
2613.223954
2558.955928
2950.137946
2418.009806
2035.87246
2360.72689
1936.381079
2337.36149
2780.550366
2766.98336
2436.852871
2523.530967
2582.321328
2762.461024
2485.844838
2289.876968
2549.157535
2546.896367
2393.136961
2142.147343
2607.194173
2347.159884
2548.403812
2372.786452
2111.99844
2444.390096
2926.018823
2752.662631
2603.42556
2667.491979
2362.988058
2767.737082
2742.110515
2258.22062
2389.368348
2500.91929
2780.550366
2431.576813
2369.017839
2616.238844
3084.300565
3044.353268
2862.706127
2745.879127
2408.211413
2769.244527
2754.923798
2277.063684
2296.660471
2681.812708
2803.915766
2476.800167
2665.230812
2659.201031
2740.603069
2122.550556
2687.088766
2650.910083
2077.327201
2649.402638
2454.942213
2348.667329
2257.466897
2578.552715
3096.360126
2595.134612
2693.87227
2391.629516
2249.929672
2518.254909
2647.14147
1995.925163
2531.821915
2684.827599
2799.39343
2885.317804
3302.126389
2080.342092
2597.39578
2768.490805
2262.742955
2312.488645
2593.627167
2890.593862
2414.994916
3011.189475
2583.075051
2491.120896
2381.0774
2441.375206
2555.941038
2744.371682
1919.04546
1808.248241
2847.631675
2810.699269
2784.318979
3121.986693
2362.988058
2277.817407
2356.958278
2262.742955
3121.232971
3036.816042
2402.935355
2683.320153
2714.222779
2666.738257
2337.36149
2454.18849
2509.963961
2886.071527
2971.242178
2145.915956
2637.343076
2765.475914
2507.702793
2797.132263
2341.130103
2105.214937
2474.539
2284.60091
2278.571129
2200.183981
2845.370508
2803.915766
2971.995901
2953.152836
2237.116388
2518.254909
2347.159884
2142.901066
2448.158709
2598.903225
2317.764703
2666.738257
2277.063684
2826.527443
2154.206904
2066.021363
2295.153026
2395.398129
2478.307612
1789.405177
2034.365014
2362.988058
2310.227478
2383.338568
2849.892843
1942.41086
2202.445149
2008.738447
2552.926148
2230.332885
2310.227478
2414.241193
2035.87246
2121.796833
2330.577987
2164.005298
2379.569955
2251.437117
2458.710825
2511.471406
2834.818392
2255.20573
1902.463563
2654.678696
2476.046445
2290.630691
2526.545857
2200.183981
2200.183981
2606.440451
2592.873444
2537.851696
2033.611292
2535.590528
2843.863062
2002.708666
1925.828963
1779.606783
1773.577003
2242.392446
2028.335234
2644.126579
2346.406161
1874.575828
2504.687903
2321.533316
2088.63304
2088.63304
2704.424386
2483.58367
1894.172615
2420.270974
1787.897732
1891.911447
2406.703968
2188.12442
2668.999425
2324.548207
1958.992757
2288.369523
2485.844838
2714.222779
2408.211413
2127.072891
2392.383239
2145.915956
2119.535666
1833.121086
2740.603069
2748.140295
2640.357967
2896.623643
2121.043111
2430.82309
2492.628341
2472.277832
2482.076225
2451.1736
2285.354633
2157.975517
2568.000599
2375.047619
2506.195348
2731.558398
2365.249226
2507.702793
2101.446324
2298.921639
2225.810549
2031.350124
2549.157535
2312.488645
2106.722382
2552.172425
1886.635389
2399.920464
2461.725716
2313.996091
2405.950245
2488.106006
2085.61815
2068.28253
2227.317994
2240.131278
2757.938689
2727.036063
2017.029395
2482.829948
2230.332885
2271.033904
2760.953579
2594.380889
1983.865602
2486.598561
2812.960437
2444.390096
2590.612276
2216.012156
2369.771561
2239.377555
2971.995901
2291.384413
2437.606593
2454.942213
1995.925163
2248.422226
2522.023522
2426.300755
2000.447498
2787.333869
2182.09464
2070.543698
2347.159884
2184.355807
2437.606593
2867.228462
2342.637549
2600.41067
2704.424386
2149.684569
2160.990407
2224.303104
2446.651264
2954.660281
2361.480613
2387.860903
1977.835821
2340.376381
2659.954754
2375.047619
2424.039587
2470.016664
2428.561922
2115.01333
1970.298595
2494.889509
2108.98355
1540.676726
2368.264116
2182.848362
1879.851886
2518.254909
2188.878143
2421.778419
2313.242368
2499.411845
2374.293897
2032.857569
2367.510394
2173.049969
1982.358157
2047.178298
2539.359141
2242.392446
2377.308787
2197.922814
2414.994916
2409.718858
2282.339742
2122.550556
2133.102672
2185.10953
2205.460039
2066.021363
1802.218461
1668.055842
1797.696125
2099.185156
2001.201221
2159.482962
1934.119912
2377.308787
2290.630691
1965.77626
2298.167916
2409.718858
2022.305453
1966.529982
1817.292912
2189.631865
2012.50706
1872.31466
2085.61815
2105.968659
2581.567606
2474.539
2019.290563
2623.022347
2892.85503
2129.334059
2068.28253
1858.747654
2006.477279
2197.169091
2236.362665
1907.739621
2435.345426
1935.627357
1895.68006
2544.635199
1893.418892
1746.44299
1989.895382
1905.478454
2686.335044
2558.955928
2266.511568
2032.857569
1998.940053
1917.538015
2199.430259
2070.543698
2029.842679
2114.259608
2228.071717
1455.506075
1758.502551
1761.517441
2277.817407
2540.866586
2110.490995
2192.646756
2114.259608
2459.464548
1931.858744
2197.922814
2392.383239
2354.69711
2205.460039
2255.20573
2892.101307
1692.174964
1815.785467
2326.809374
2108.98355
2264.2504
2534.836806
2390.875793
2081.095814
2469.262942
2123.304279
2248.422226
2684.827599
1795.434957
2296.660471
2276.309962
2243.899891
2412.733748
2672.768037
2081.849537
2742.864237
2365.249226
2121.796833
2245.407336
2889.84014
2424.793309
2848.385398
2287.6158
2264.2504
2263.496678
2145.162233
2352.435942
2441.375206
2533.329361
2742.110515
1596.452197
2604.933005
1581.377745
2362.988058
2407.45769
2675.782928
2748.140295
2218.273323
1958.992757
2027.581511
2791.102482
2017.029395
2372.786452
2107.476104
1962.76137
2662.969644
2506.94907
2427.054477
2087.125595
2240.885001
2202.445149
2334.3466
2278.571129
2432.330535
2425.547032
2120.289388
1922.814073
2283.093465
2315.503536
2384.846013
2233.347775
2068.28253
2246.914781
2268.772736
2590.612276
2301.182807
2429.315645
3124.247861
2507.702793
2332.839155
2685.581321
2384.846013
2143.654788
2637.343076
2420.270974
2440.621484
1929.597576
2356.958278
2566.493154
2443.636374
2460.218271
2313.996091
2083.356982
2521.269799
2567.246877
1772.069557
2397.659297
2139.886175
2265.757846
2219.027046
2736.080734
2449.666155
2275.556239
2387.107181
2531.821915
2020.798008
2093.909098
2561.970819
2096.923988
2637.343076
2086.371872
1956.731589
1971.052318
2577.04527
2157.221795
2304.95142
2113.505885
1873.068383
2167.020188
2693.87227
2028.335234
2257.466897
2127.072891
2118.781943
2123.304279
2583.828773
2241.638723
2096.923988
2352.435942
2049.439466
2315.503536
1882.866776
2279.324852
2101.446324
2280.078575
1992.15655
1867.038602
2280.078575
2144.408511
2123.304279
2479.815058
1927.336408
2405.950245
2350.928497
1994.417718
2090.140485
2366.002948
1902.463563
1979.343266
1681.622848
1979.343266
2157.975517
1958.239034
2199.430259
2485.091116
2320.779594
2408.211413
2140.639898
2217.519601
2318.518426
2038.88735
2251.437117
2393.890684
2287.6158
1904.724731
2139.886175
2254.452007
2252.190839
2136.871285
2322.287039
2633.574463
2199.430259
1882.866776
2138.37873
2317.764703
2159.482962
2555.187315
2105.214937
2537.097973
2492.628341
2087.879317
2035.118737
2103.707492
2195.661646
2282.339742
2147.423401
2443.636374
2313.242368
2135.36384
2359.973168
1981.604434
2145.915956
2377.308787
2246.914781
1783.375396
2532.575638
2469.262942
2263.496678
2157.975517
2296.660471
2484.337393
2231.086607
2099.938879
1992.910273
2194.907923
2179.833472
2431.576813
2623.77607
2670.50687
2694.625992
2338.868936
2818.236495
2136.117562
2296.660471
2250.683394
2244.653613
2427.054477
2327.563097
2554.433593
2284.60091
2619.253734
2347.159884
1960.500202
2480.56878
2197.922814
2353.943387
2242.392446
2363.741781
2231.086607
2187.370698
2681.058986
2264.2504
1827.091306
1711.771751
1989.14166
2005.723556
2635.835631
2575.537825
2099.185156
2394.644406
2381.0774
2673.52176
2443.636374
2111.99844
2064.513918
2644.880302
2433.084258
2546.896367
2378.816232
2216.765878
2278.571129
2303.443975
2630.559573
2166.266465
2445.143819
2856.676346
2339.622658
2201.691427
2252.944562
2197.922814
2445.143819
2545.388922
2724.774895
2246.914781
2055.469247
2219.027046
2440.621484
2572.522935
2258.974342
2614.731399
2907.929482
2468.509219
2454.942213
2379.569955
2266.511568
2180.587194
2376.555065
1972.559763
2518.254909
2605.686728
2340.376381
2420.270974
2344.144994
2757.184966
2201.691427
2672.768037
2368.264116
2565.739431
2627.544683
2467.001774
2503.180458
2203.198872
1854.979041
2602.671838
2363.741781
2006.477279
2331.33171
2249.175949
2079.588369
2653.924973
2176.818582
1730.614816
2252.944562
2835.572114
2049.439466
2295.153026
1846.688093
2144.408511
2127.826614
2574.03038
2136.871285
2335.854045
2203.198872
2478.307612
1967.283705
2201.691427
2102.200046
2221.288214
2193.400478
1878.344441
2416.502361
1897.187505
1932.612466
1636.399494
2041.148518
2301.936529
2783.565256
2091.64793
2502.426735
2616.238844
1867.038602
2033.611292
2282.339742
2598.903225
2246.161059
2451.1736
1996.678886
2607.194173
2679.551541
2128.580337
2283.847188
2197.169091
2387.860903
2208.47493
2255.959452
2058.484137
2253.698284
2289.123246
2220.534491
2890.593862
2231.086607
2289.123246
2190.385588
2311.734923
2592.873444
2127.826614
2635.081909
2119.535666
2373.540174
2251.437117
2163.251575
2764.722192
2273.295071
2355.450832
2509.963961
2474.539
2296.660471
2289.876968
2637.343076
2190.385588
2262.742955
2402.181632
2421.778419
2486.598561
2455.695935
2962.95123
2631.313296
2043.409685
2133.102672
2502.426735
2706.685553
2443.636374
2064.513918
2126.319169
2643.372857
2691.611102
2610.962786
2426.300755
2354.69711
2183.602085
2440.621484
2268.019013
2418.009806
2645.634025
2503.180458
2690.857379
2561.970819
2426.300755
2099.938879
2318.518426
2645.634025
2342.637549
2092.401653
2105.968659
2886.071527
2687.842489
2221.288214
2415.748639
2346.406161
2230.332885
2365.249226
2456.449658
2547.65009
2754.170076
2695.379715
2543.127754
2576.291548
2148.177124
2320.779594
2460.971993
2549.157535
2331.33171
2315.503536
2254.452007
2447.404987
2479.061335
2713.469057
2161.74413
1814.278022
2437.606593
2454.18849
2602.671838
2512.978851
2323.794484
2334.3466
2457.20338
2555.187315
2545.388922
2320.779594
2408.211413
2388.614626
2508.456516
2607.947896
2435.345426
2320.779594
2359.219445
2192.646756
2388.614626
2546.896367
2772.259418
2194.907923
1801.464738
1836.889699
2580.813883
2497.904399
2488.859729
2118.781943
1792.420067
2608.701618
2520.516077
2774.520585
2532.575638
2494.889509
2143.654788
2524.28469
2496.396954
2297.414194
2362.988058
2377.308787
2373.540174
2111.99844
2239.377555
2461.725716
2005.723556
2274.802517
2168.527633
2279.324852
2414.994916
2055.469247
2586.089941
2233.347775
2072.051143
2206.967485
1818.046635
2350.928497
2428.561922
1973.313486
1977.835821
2260.481788
2268.772736
2603.42556
2421.024697
1609.265481
2291.384413
2205.460039
2635.835631
2615.485122
2748.140295
2116.520775
2690.103657
2678.797818
2381.831123
2297.414194
2372.786452
2333.592878
2528.807025
2549.157535
2396.151852
2511.471406
2414.994916
2162.497853
2136.871285
1942.41086
1856.486486
2142.147343
2197.922814
1703.480803
1973.313486
2695.379715
2180.587194
2624.529792
2040.394795
1956.731589
2200.937704
2461.725716
2693.118547
2157.221795
1843.673202
2173.049969
1958.239034
2258.974342
2086.371872
1821.061525
2096.923988
2281.58602
2449.666155
1710.264306
2337.36149
2287.6158
2004.969834
2246.914781
2670.50687
2197.169091
1820.307802
2010.245892
2217.519601
2212.997265
2711.207889
1885.127944
2058.484137
2412.733748
2243.146168
2389.368348
1774.330725
1977.835821
2140.639898
2105.214937
2408.211413
2454.18849
1986.126769
2629.052128
2252.190839
1979.343266
2292.138136
2164.75902
2241.638723
2001.954944
2130.087782
2003.462389
2473.031554
2127.826614
2595.134612
3019.480423
2721.760005
1886.635389
2461.725716
2022.305453
2149.684569
2350.174774
2177.572304
2096.170266
2500.165567
2304.197697
2408.211413
2252.944562
2168.527633
1695.189855
2236.362665
2567.246877
2194.154201
2440.621484
2675.029205
2153.453182
2604.933005
2673.52176
2145.915956
2187.370698
2331.33171
2066.775085
2274.802517
2199.430259
2503.93418
2378.06251
2554.433593
2665.984534
3002.144804
2846.877953
2274.802517
2657.693586
1971.052318
2357.712
2425.547032
2307.212587
2178.326027
2315.503536
1952.209253
2451.1736
2854.415179
2537.097973
2435.345426
2558.202206
1723.831313
2460.218271
2228.071717
2635.835631
2077.327201
2476.046445
1836.889699
2987.824075
3111.434577
2213.750988
2816.72905
2547.65009
2141.39362
1851.964151
1989.14166
2261.989233
1854.979041
2231.086607
2836.325837
2552.926148
2571.769212
2416.502361
2757.184966
2219.780768
2785.826424
2514.486296
2298.167916
2347.159884
2488.859729
2497.904399
1974.820931
2119.535666
2345.652439
2762.461024
1937.888525
2613.977676
2239.377555
2481.322503
2160.236685
2783.565256
2731.558398
2567.246877
2127.826614
2810.699269
2702.91694
2581.567606
2552.926148
2230.332885
2271.033904
2418.009806
2540.112864
2448.912432
2426.300755
2658.447308
2429.315645
2632.067018
2653.924973
2633.574463
2014.768227
1804.479628
2444.390096
2404.4428
2340.376381
2367.510394
2126.319169
2652.417528
2773.766863
2197.169091
2330.577987
2323.040762
2741.356792
2375.047619
1983.111879
2618.500012
2234.85522
2111.99844
2396.905574
2165.512743
2157.221795
1646.197887
2066.021363
2629.052128
2232.594052
2164.005298
2547.65009
2577.04527
2079.588369
2651.663805
2224.303104
2565.739431
3016.465533
2661.462199
2308.720033
2431.576813
2170.035078
2093.909098
2194.154201
2402.181632
2099.185156
2094.662821
2172.296246
2038.133627
2434.591703
2158.72924
2229.579162
2256.713175
1895.68006
2253.698284
2442.882651
2350.174774
1746.44299
2154.206904
2267.265291
2022.305453
2100.692601
2307.212587
2516.747464
2231.84033
2197.169091
2466.248051
2524.28469
2497.150677
2266.511568
2026.827789
2579.306438
2401.42791
2156.468072
2388.614626
2298.921639
2424.793309
2479.815058
2287.6158
2058.484137
2286.862078
2390.875793
2513.732574
1666.548397
2547.65009
1962.007647
2322.287039
2613.977676
2536.344251
2313.996091
2018.53684
2598.149502
2668.245702
2160.990407
2551.418702
2788.087592
2512.978851
2424.793309
2507.702793
2421.778419
2568.000599
2101.446324
2177.572304
2760.953579
2253.698284
2733.065844
2512.978851
2130.841504
2066.021363
1967.283705
2259.728065
2438.360316
2323.040762
2659.954754
2418.009806
2500.91929
2560.463373
2839.340727
2763.214747
2448.158709
2225.056826
2466.248051
2336.607768
2790.348759
2621.514902
2478.307612
2452.681045
2667.491979
2674.275483
2418.009806
2814.467882
2252.944562
2511.471406
2414.994916
2388.614626
2822.75883
2723.26745
2216.012156
2359.219445
2580.813883
2478.307612
2382.584845
2776.028031
2773.766863
3244.089751
2389.368348
2252.944562
2341.883826
2191.893033
2336.607768
2327.563097
2697.640882
2433.084258
2466.248051
2785.072701
2588.351109
2255.959452
2183.602085
2451.927322
2479.061335
2430.82309
2684.827599
2583.828773
2308.720033
2839.340727
2550.66498
2328.31682
2656.186141
2362.988058
2331.33171
2748.894018
2814.467882
2015.52195
2306.458865
2200.937704
2192.646756
2231.086607
2511.471406
2675.782928
2116.520775
2570.261767
1984.619324
2080.342092
2570.261767
2408.211413
2736.080734
2736.080734
2694.625992
2108.98355
2170.788801
2515.993741
1769.054667
2478.307612
2520.516077
2345.652439
2070.543698
2608.701618
2552.926148
2337.36149
2607.947896
2418.763529
2473.031554
2400.674187
2338.868936
2205.460039
2898.884811
2280.078575
2727.789786
2189.631865
2522.023522
2873.258243
2199.430259
2607.947896
2271.033904
2115.01333
2366.002948
2303.443975
2934.309772
2114.259608
2579.306438
2712.715334
2488.106006
2152.699459
2032.103847
2442.882651
2504.687903
2653.924973
2232.594052
2295.906749
2325.301929
2693.87227
2249.929672
2927.526269
2046.424576
2455.695935
2133.102672
2094.662821
2614.731399
2347.913607
2435.345426
2134.610117
2555.187315
2167.773911
2387.107181
2739.849347
2515.993741
2313.242368
2358.465723
2329.824265
2259.728065
2438.360316
2209.228652
2277.063684
2130.087782
1965.77626
2164.005298
2338.868936
2387.860903
2021.551731
2494.889509
2677.290373
2341.130103
2326.809374
2394.644406
2398.413019
2261.989233
2265.004123
2339.622658
2176.818582
2295.153026
2422.532142
2692.364824
2994.607578
3133.292532
2286.862078
2592.873444
2558.202206
2917.727875
2381.0774
2108.98355
2060.745305
2407.45769
2491.120896
2672.014315
2733.819566
2606.440451
2344.898716
2708.192999
2514.486296
2629.052128
2726.28234
2396.905574
2880.041746
2802.408321
2672.014315
2935.063494
2763.968469
2613.977676
2894.362475
2225.810549
2353.189665
1934.119912
2528.807025
2839.340727
2424.039587
2411.980026
2413.487471
2621.514902
2360.72689
2925.265101
2968.227288
2942.60072
2683.320153
2466.248051
2195.661646
2515.240019
2421.024697
2426.300755
2843.863062
2284.60091
2656.939863
2760.199856
2695.379715
2995.361301
2403.689077
2329.070542
2647.14147
2604.933005
2623.022347
2870.243353
2512.225128
2411.226303
2422.532142
2460.218271
2661.462199
2049.439466
2603.42556
2468.509219
2562.724541
2733.819566
2253.698284
2648.648915
2981.794294
2187.370698
2345.652439
2104.461214
2305.705142
2324.548207
2340.376381
2674.275483
2861.952404
2788.087592
2167.020188
3082.039397
2595.888335
2385.599735
2390.875793
2209.982375
2541.620309
2411.226303
2290.630691
2598.903225
2475.292722
2545.388922
2620.76118
2506.195348
2454.18849
2120.289388
2421.778419
2437.606593
2546.896367
2201.691427
2017.029395
2319.272149
2728.543508
2697.640882
2442.128929
2534.836806
2135.36384
2564.985709
2493.382064
2818.236495
2596.642057
2142.901066
1877.590718
2235.608943
2710.454166
2447.404987
2401.42791
2399.920464
2142.901066
2157.975517
2101.446324
2462.479438
2136.871285
2527.29958
2477.55389
2476.046445
2197.922814
2420.270974
2164.75902
2290.630691
2358.465723
2570.261767
2727.789786
2665.230812
2459.464548
2467.001774
2330.577987
1747.196712
2421.778419
1976.328376
1766.039777
2030.596402
2390.122071
2188.12442
2531.068193
2458.710825
2440.621484
2023.059176
2392.383239
2206.967485
2227.317994
2318.518426
2509.210238
2495.643232
2115.767053
2254.452007
2403.689077
2255.20573
1994.417718
2115.767053
2353.943387
2235.608943
2183.602085
2348.667329
2240.885001
2613.223954
1863.269989
2740.603069
2549.911257
2028.335234
2550.66498
2682.566431
2299.675362
2019.290563
2272.541349
2310.9812
2216.765878
1962.76137
2537.097973
2673.52176
2666.738257
2264.2504
2369.771561
2589.858554
2356.204555
2434.591703
2292.138136
2510.717683
2194.907923
2334.3466
2534.083083
2687.842489
2058.484137
2160.990407
3008.928307
2898.884811
2333.592878
2295.153026
2358.465723
2139.886175
2420.270974
2313.242368
2197.922814
2391.629516
2338.115213
1766.793499
2633.574463
2571.769212
2324.548207
2375.047619
2377.308787
2362.988058
2202.445149
1930.351299
2284.60091
1961.253924
2423.285864
2457.20338
2173.803691
2833.310946
2189.631865
2472.277832
2781.304089
2729.297231
2315.503536
2475.292722
2709.700444
2710.454166
2056.222969
2576.291548
2433.83798
2488.106006
2622.268625
2208.47493
2528.807025
2629.80585
2800.147153
2788.841314
2144.408511
2472.277832
2446.651264
2516.747464
2776.781753
2344.144994
2249.929672
2052.454356
2481.322503
2662.215921
2093.909098
2410.47258
2057.730414
2192.646756
2390.122071
2552.172425
2310.227478
2436.852871
2416.502361
2587.597386
2872.50452
2362.234336
1787.144009
2609.455341
2630.559573
2193.400478
2332.839155
2414.241193
2674.275483
2521.269799
2717.991392
2240.885001
2421.778419
2424.793309
2373.540174
2723.26745
2395.398129
2063.006472
1874.575828
2504.687903
2067.528808
2369.017839
1948.440641
2292.891858
1840.658312
1435.155565
2087.879317
1821.061525
2176.818582
1646.95161
2173.803691
2288.369523
2561.970819
2114.259608
2052.454356
2330.577987
2130.087782
2408.211413
2178.326027
2010.245892
2668.245702
2133.856395
2221.288214
2048.685743
2362.988058
2099.185156
2376.555065
2522.023522
2624.529792
2111.244717
2152.699459
2601.918115
1866.28488
2402.181632
2279.324852
1740.413209
2030.596402
1925.828963
2265.757846
2048.685743
1869.29977
2455.695935
2408.211413
2405.196522
2182.848362
1987.634215
1972.559763
1852.717873
2053.208079
2139.132453
1893.418892
2166.266465
2198.676536
2272.541349
2493.382064
1962.007647
2503.93418
2151.192014
2372.032729
2130.087782
1824.830138
1765.286054
1920.552905
2143.654788
2304.197697
2099.938879
1680.869126
1969.544873
1943.164583
1807.494519
2167.020188
2501.673012
2029.088956
2233.347775
2175.311136
2148.177124
2681.058986
1807.494519
2003.462389
2008.738447
2158.72924
2088.63304
2004.969834
2512.225128
2242.392446
2148.930846
1947.686918
2173.049969
2241.638723
2045.670853
2326.055652
1916.784292
2304.197697
1735.890874
2209.228652
2291.384413
2130.841504
2353.189665
1984.619324
2002.708666
2351.682219
1995.17144
1785.636564
2005.723556
2213.750988
2216.765878
2220.534491
2246.914781
1913.015679
2250.683394
2166.266465
1946.933195
1641.675552
1772.82328
2222.795659
2490.367174
2660.708476
2733.819566
2320.779594
2124.811724
2417.256084
2286.862078
2390.122071
2111.99844
1991.402827
1765.286054
1953.716699
2298.921639
2322.287039
2458.710825
2176.818582
2571.769212
2130.087782
2090.894208
2248.422226
2307.96631
2229.579162
1818.800357
2032.857569
1983.865602
2323.794484
2171.542523
1946.179473
2209.228652
2439.867761
2696.133437
1974.067208
2047.178298
1867.792325
2384.09229
1792.420067
2331.33171
2445.143819
2085.61815
2088.63304
2451.927322
2386.353458
2250.683394
2433.83798
1615.295261
2453.434767
2336.607768
2197.922814
2176.818582
2492.628341
1964.268815
2197.169091
2053.208079
2203.952594
2197.169091
2610.962786
2183.602085
1907.739621
2497.904399
2385.599735
2083.356982
2122.550556
2493.382064
2447.404987
2246.914781
2512.978851
2451.1736
2451.927322
1889.65028
1911.508234
1940.903415
2184.355807
2601.164393
2087.125595
1968.79115
2459.464548
2111.99844
2318.518426
2094.662821
2196.415369
1907.739621
2447.404987
1799.957293
2223.549381
2364.495503
2044.163408
2400.674187
2647.895192
2191.13931
2060.745305
1867.038602
2396.905574
2139.886175
2438.360316
1646.197887
1825.58386
2179.079749
2092.401653
2136.871285
2173.049969
1866.28488
2101.446324
2155.714349
2381.0774
1953.716699
2076.573479
1926.582686
1955.977866
2225.810549
1911.508234