1960.500202
2091.64793
2084.110705
2280.078575
1925.828963
1962.76137
2180.587194
2620.76118
1798.449848
2635.081909
2511.471406
1969.544873
1776.591893
2018.53684
2644.880302
2539.359141
2423.285864
1987.634215
1969.544873
2169.281356
2218.273323
2066.775085
2224.303104
1836.889699
2575.537825
2130.087782
2427.054477
2203.198872
2761.707302
2355.450832
2091.64793
2319.272149
2459.464548
1995.17144
2442.882651
1828.598751
2086.371872
2202.445149
2160.236685
2253.698284
2009.492169
2344.144994
2537.851696
2152.699459
1901.709841
2041.148518
1987.634215
2180.587194
2303.443975
2111.99844
2046.424576
2309.473755
1971.80604
2181.340917
1860.255099
2179.079749
2409.718858
2126.319169
1779.606783
2122.550556
1926.582686
2144.408511
2277.817407
1879.098163
1923.567796
2139.132453
2011.753337
1947.686918
2090.140485
2191.13931
2081.849537
2243.899891
2193.400478
2180.587194
2292.891858
1926.582686
2413.487471
2121.796833
1919.04546
2136.117562
2363.741781
2225.810549
1890.404002
2345.652439
2401.42791
2118.781943
2020.044285
1746.44299
1746.44299
1936.381079
1673.3319
1506.75921
1957.485312
2157.221795
2157.975517
2283.847188
2018.53684
2134.610117
2188.12442
2462.479438
2124.058001
2050.193189
1998.940053
1588.161249
2021.551731
1725.338758
1771.315835
2131.595227
1961.253924
1892.66517
2032.857569
1709.510584
2010.245892
2479.061335
2023.812898
2303.443975
2079.588369
2016.275673
2154.206904
2050.946911
1903.217286
1995.17144
1991.402827
1590.422416
2183.602085
2208.47493
2443.636374
2033.611292
1953.716699
1676.34679
1449.476294
1924.321518
2023.059176
2313.996091
2004.216111
2257.466897
2155.714349
1987.634215
2077.327201
2286.108355
2283.093465
2240.131278
2075.066034
2292.138136
2015.52195
2421.778419
2017.783118
2175.311136
2001.954944
1919.799183
2053.961801
2240.131278
1987.634215
1858.747654
1911.508234
2036.626182
2163.251575
2133.102672
1973.313486
2616.992567
2436.099148
2022.305453
2003.462389
2183.602085
2156.468072
1913.015679
1493.192204
1815.031744
1726.09248
1711.771751
2128.580337
2305.705142
2583.828773
2144.408511
2643.372857
2504.687903
2066.021363
2196.415369
2378.06251
2467.001774
2160.990407
2246.161059
2274.802517
2340.376381
2262.742955
2088.63304
2095.416543
2566.493154
1805.233351
2626.037238
2430.82309
2131.595227
2113.505885
1968.037428
2395.398129
2225.810549
2225.810549
2011.753337
2344.898716
1753.980216
2277.817407
2359.219445
2084.110705
2529.560748
2434.591703
2457.957103
2073.558588
2288.369523
2649.402638
2207.721207
2500.91929
2187.370698
2391.629516
2310.9812
2126.319169
2033.611292
2244.653613
2120.289388
1894.172615
2301.182807
2032.857569
2076.573479
2798.639708
2200.183981
2565.739431
2141.39362
2320.779594
1876.836996
2369.017839
2186.616975
1929.597576
2261.23551
2124.811724
2461.725716
1998.940053
2239.377555
2072.804866
2041.90224
2228.071717
2105.968659
2365.249226
2120.289388
2381.0774
2022.305453
2173.049969
2591.365999
2469.262942
2185.863252
2515.240019
1913.769402
2103.707492
1942.41086
2337.36149
2488.106006
2188.12442
2141.39362
2413.487471
2170.788801
2053.961801
2108.98355
2096.170266
2385.599735
2393.136961
2160.236685
2430.069368
2147.423401
1956.731589
2471.524109
2032.103847
2476.800167
2386.353458
2165.512743
1954.470421
2163.251575
2332.085432
1874.575828
1989.14166
2376.555065
2195.661646
2314.749813
2166.266465
2160.990407
2183.602085
2611.716509
1722.323867
1871.560938
2247.668504
2292.891858
2018.53684
2412.733748
2454.942213
2119.535666
2190.385588
1962.007647
2100.692601
2819.74394
2507.702793
2149.684569
2198.676536
2203.952594
2245.407336
1995.925163
1867.792325
1979.343266
2189.631865
2484.337393
2525.038412
2183.602085
2265.004123
2213.750988
1965.77626
1880.605609
1849.702983
2977.271959
2202.445149
2545.388922
1715.540364
2280.832297
2038.133627
2732.312121
2936.570939
1604.743145
2410.47258
2465.494329
1908.493344
2014.014505
2367.510394
2035.87246
1873.822105
1791.666345
2016.275673
2026.074066
2619.253734
1846.688093
2270.280181
2184.355807
2497.904399
2427.8082
2080.342092
1981.604434
2097.677711
2198.676536
2418.009806
1836.889699
2139.886175
2243.899891
1983.111879
2122.550556
2046.424576
2561.970819
2078.834646
2353.189665
2032.857569
2517.501186
2422.532142
2559.709651
2327.563097
2218.273323
2358.465723
1901.709841
2014.014505
2217.519601
1949.194363
2001.201221
2096.170266
2251.437117
2174.557414
2027.581511
2522.777245
2374.293897
2414.994916
2515.993741
2084.110705
2347.159884
2041.148518
1773.577003
2110.490995
2098.431433
2139.886175
2192.646756
2216.012156
2026.827789
2218.273323
2468.509219
2227.317994
2196.415369
1970.298595
2404.4428
2228.825439
2401.42791
2262.742955
2182.09464
2280.832297
2327.563097
2263.496678
2336.607768
2180.587194
2079.588369
2203.198872
2619.253734
2113.505885
1750.965325
1828.598751
1805.987073
1976.328376
1993.663995
2001.201221
2047.932021
1891.911447
2204.706317
2055.469247
2274.802517
2421.024697
1982.358157
2167.773911
1819.55408
2253.698284
2104.461214
1756.995106
1689.160074
2170.788801
1964.268815
2184.355807
2237.116388
2222.795659
1949.194363
1767.547222
2109.737272
2272.541349
1913.015679
2146.669678
1919.04546
2044.163408
2054.715524
1895.68006
1904.724731
2049.439466
2326.809374
2063.006472
2401.42791
2525.038412
1532.385778
1886.635389
2056.222969
1791.666345
2515.993741
1785.636564
1719.308977
1891.157725
1744.181822
1971.052318
2113.505885
2212.243543
2271.787626
2253.698284
2234.101497
1659.011171
2062.25275
2166.266465
1597.20592
1946.933195
1965.77626
1704.988248
2335.100323
2096.170266
1689.913797
1986.126769
1955.224144
2047.178298
2253.698284
1955.224144
2252.944562
1971.80604
1962.76137
2055.469247
1988.387937
1925.828963
1963.515092
1873.822105
2220.534491
2298.167916
1913.769402
2361.480613
1681.622848
2136.871285
2048.685743
2222.041936
1914.523125
1804.479628
2050.193189
1982.358157
1900.202396
1827.091306
1960.500202
2050.193189
2081.849537
1538.415559
1836.889699
1931.858744
1977.082099
1977.082099
1984.619324
1840.658312
1930.351299
2015.52195
1896.433783
1770.562112
1514.296436
1781.114228
2378.06251
2079.588369
1935.627357
2170.788801
2221.288214
1684.637739
2324.548207
2230.332885
1886.635389
2066.775085
1935.627357
1741.920654
1809.755686
1818.046635
1906.232176
1741.920654
2084.110705
2170.035078
2414.241193
2163.251575
2483.58367
2322.287039
2022.305453
2066.775085
1974.067208
1916.784292
1960.500202
2192.646756
2579.306438
1993.663995
2030.596402
2300.429084
2160.990407
1937.134802
2158.72924
2182.848362
1874.575828
1872.31466
2131.595227
2511.471406
1989.895382
2101.446324
2408.965135
1930.351299
2160.236685
2361.480613
2124.811724
2812.206714
2205.460039
2292.891858
2033.611292
2475.292722
2212.243543
2015.52195
2174.557414
2358.465723
2465.494329
1915.276847
2546.896367
2281.58602
2434.591703
2402.181632
2068.28253
2404.4428
2774.520585
2069.036253
2310.9812
1922.06035
1815.785467
2330.577987
2207.721207
2272.541349
2477.55389
2223.549381
2402.935355
2769.99825
2062.25275
2224.303104
1942.41086
2072.804866
2612.470231
2308.720033
2251.437117
2709.700444
1971.80604
2184.355807
1765.286054
1728.353648
1762.271164
1869.29977
1935.627357
2445.897542
2745.879127
2252.190839
2511.471406
2509.963961
2987.824075
2318.518426
2329.070542
2749.64774
1723.07759
2192.646756
2296.660471
2307.212587
2139.132453
2210.736098
2323.794484
2255.20573
2512.225128
1950.701808
2316.257258
1935.627357
2463.986883
2050.193189
2523.530967
2460.218271
2157.221795
1902.463563
1931.858744
2351.682219
2026.074066
2564.985709
2276.309962
2087.125595
2160.236685
2174.557414
2277.817407
2020.798008
2053.961801
2330.577987
2053.961801
2230.332885
2100.692601
2075.819756
2173.049969
2732.312121
1982.358157
2613.223954
2598.149502
1543.691617
2320.779594
2130.087782
2311.734923
2631.313296
2338.115213
2277.817407
1580.624023
2056.976692
2023.812898
2155.714349
1967.283705
2175.311136
1958.239034
2265.757846
2295.906749
2082.603259
2668.245702
2231.84033
1996.678886
2246.914781
2381.831123
2190.385588
2369.017839
2001.201221
1920.552905
1646.95161
2314.749813
2515.993741
2026.074066
1791.666345
2085.61815
1902.463563
2281.58602
1958.239034
1972.559763
2044.163408
2198.676536
2572.522935
2243.899891
2138.37873
2200.937704
2317.764703
2023.812898
1857.993931
1909.247067
1713.279196
2140.639898
1665.794674
2078.834646
1941.657137
1885.127944
2148.177124
1958.239034
1731.368538
2242.392446
1733.629706
2309.473755
2234.85522
2007.984724
2443.636374
1802.972183
2301.182807
2171.542523
1966.529982
2056.976692
2169.281356
2185.10953
2526.545857
2276.309962
1961.253924
1809.755686
1872.31466
1864.777435
1717.801532
2240.885001
1787.144009
2200.937704
2185.863252
2129.334059
1956.731589
1780.360506
2087.879317
1981.604434
1999.693776
1896.433783
2139.132453
1898.69495
1660.518616
1663.533506
2040.394795
1750.211603
2187.370698
1856.486486
1882.113054
2062.25275
2046.424576
2332.839155
2209.228652
2163.251575
2050.193189
1936.381079
1799.957293
2274.802517
2333.592878
2192.646756
2096.923988
2017.029395
2246.914781
2123.304279
2043.409685
1938.642247
1863.269989
2161.74413
2366.002948
2330.577987
1712.525474
2032.857569
2012.50706
2421.024697
1689.913797
1951.455531
1878.344441
2479.061335
2433.084258
1913.769402
2095.416543
2113.505885
2245.407336
1741.166932
1702.72708
2099.185156
1998.940053
2118.02822
1790.912622
1974.820931
2233.347775
2173.049969
1867.792325
2289.123246
2145.915956
1866.28488
2359.219445
2240.131278
2226.564272
1994.417718
2089.386763
2295.906749
1716.294087
2207.721207
2244.653613
1914.523125
2180.587194
2108.229827
2265.004123
2349.421052
2188.878143
2232.594052
2267.265291
1808.248241
1760.009996
2168.527633
2152.699459
1943.918305
2063.006472
2129.334059
1945.42575
2046.424576
2142.147343
1888.142834
2247.668504
2097.677711
2119.535666
2109.737272
1914.523125
2228.825439
1906.232176
2084.110705
2126.319169
2152.699459
2350.174774
2093.909098
2345.652439
2033.611292
2289.876968
2427.8082
1974.067208
2045.670853
1586.653803
2183.602085
2051.700634
1756.995106
2004.969834
2209.228652
2067.528808
1615.295261
2416.502361
2023.812898
2159.482962
2258.22062
2063.760195
1906.985899
2188.878143
1987.634215
2215.258433
2004.216111
2384.846013
1842.165757
1853.471596
2132.348949
2115.01333
2249.929672
2130.841504
2145.915956
2007.231002
2408.211413
2247.668504
2072.804866
2102.200046
1792.420067
2383.338568
2429.315645
2219.780768
2641.865412
2202.445149
2286.862078
1949.194363
2059.991582
2093.155375
2087.125595
1707.249416
1898.69495
2595.888335
2641.865412
1910.000789
2319.272149
2032.103847
2332.085432
2501.673012
2282.339742
1997.432608
2182.848362
1882.113054
1801.464738
1974.820931
2436.099148
2053.208079
2367.510394
2050.193189
2598.149502
2388.614626
2834.818392
1933.366189
2293.645581
2503.93418
2537.851696
1928.090131
2151.192014
2453.434767
2004.216111
1864.777435
2378.06251
2152.699459
2436.099148
2078.080924
2100.692601
2301.182807
2393.136961
2137.625008
2548.403812
2654.678696
3033.801152
2387.860903
2272.541349
2623.77607
2067.528808
2505.441625
2340.376381
2418.763529
2581.567606
2078.080924
2323.794484
1901.709841
2200.183981
2430.069368
2059.991582
2356.204555
2373.540174
2010.245892
2151.192014
3011.943197
2134.610117
2745.879127
2514.486296
2325.301929
1988.387937
2530.31447
2151.945736
2476.046445
2473.031554
2483.58367
2326.809374
2081.095814
2205.460039
2193.400478
2572.522935
2634.328186
2321.533316
2433.084258
2675.029205
2632.820741
1986.126769
2348.667329
2312.488645
2414.241193
2409.718858
2013.260782
2346.406161
2366.002948
2528.053303
2458.710825
2453.434767
2536.344251
2454.18849
2399.920464
2293.645581
2327.563097
2496.396954
2780.550366
2467.001774
2385.599735
2139.132453
2025.320343
2436.852871
2658.447308
2584.582496
2288.369523
2320.025871
2622.268625
2254.452007
2065.26764
2295.906749
2013.260782
2176.064859
2832.557224
2410.47258
2225.056826
2368.264116
2731.558398
2520.516077
2225.810549
2389.368348
2336.607768
2279.324852
2449.666155
2766.98336
2006.477279
1715.540364
2430.069368
2007.984724
2201.691427
2752.662631
2086.371872
2319.272149
2200.183981
1971.052318
2122.550556
1991.402827
2393.890684
3030.032539
2090.140485
2304.95142
2739.095624
2230.332885
2216.765878
2124.058001
2710.454166
2438.360316
2674.275483
2216.765878
2212.243543
2243.146168
2518.254909
2577.04527
2554.433593
2258.974342
2479.061335
1810.509409
2287.6158
2233.347775
2255.959452
2604.933005
2414.241193
2239.377555
1914.523125
2165.512743
2502.426735
2326.809374
2185.10953
2563.478264
2197.169091
2299.675362
2560.463373
2076.573479
2317.764703
2070.543698
2086.371872
1977.835821
2170.035078
2185.863252
2347.913607
2436.852871
2108.98355
2405.196522
2276.309962
2276.309962
2267.265291
2672.014315
2507.702793
1795.434957
2617.746289
2072.051143
2311.734923
2673.52176
1885.881667
2650.910083
2387.107181
1792.420067
1759.256274
2139.886175
1717.801532
2283.847188
2364.495503
1897.187505
2775.274308
1827.091306
2029.088956
1821.061525
2026.074066
2307.96631
2072.804866
2402.935355
2020.044285
2326.055652
2489.613451
2208.47493
2106.722382
2674.275483
2349.421052
2187.370698
2009.492169
2195.661646
2068.28253
1809.001964
1982.358157
2056.976692
2005.723556
1927.336408
2529.560748
2483.58367
2122.550556
2225.056826
2110.490995
1655.242558
2104.461214
2066.775085
2004.969834
2076.573479
1991.402827
1671.070732
1929.597576
2027.581511
2187.370698
2075.066034
2189.631865
1867.792325
2255.959452
2131.595227
2118.781943
2677.290373
2463.986883
2227.317994
2274.802517
2005.723556
2237.87011
2209.982375
2194.907923
1966.529982
1873.068383
2164.005298
2167.020188
2158.72924
2269.526459
2418.009806
2029.842679
2540.112864
2423.285864
2329.824265
2306.458865
2164.005298
1820.307802
2199.430259
2231.086607
2283.093465
2404.4428
2307.212587
2332.085432
2243.146168
1899.448673
2278.571129
2290.630691
2243.899891
2659.954754
2496.396954
2442.882651
2583.075051
2076.573479
2384.846013
2084.864427
2324.548207
2462.479438
2326.809374
2670.50687
2548.403812
2124.058001
2555.941038
2614.731399
2549.911257
1828.598751
1799.20357
2318.518426
2204.706317
2235.608943
2032.857569
2119.535666
2319.272149
2132.348949
1911.508234
2063.006472
2182.848362
2099.938879
1979.343266
1848.195538
2387.860903
2104.461214
2411.226303
2425.547032
2243.899891
2399.166742
2379.569955
2915.466707
1968.037428
1902.463563
2017.029395
1952.209253
2187.370698
2673.52176
2197.169091
2050.193189
2017.029395
2367.510394
2117.274498
2041.90224
1842.165757
1965.77626
2367.510394
1698.204745
2135.36384
2543.127754
2968.227288
2169.281356
2531.068193
2167.773911
2888.332695
2169.281356
2395.398129
2343.391271
2124.058001
2237.87011
1518.818772
1995.17144
2495.643232
1865.531157
1905.478454
2421.024697
1815.785467
2195.661646
2399.920464
2437.606593
2509.210238
2282.339742
2923.003933
2675.782928
1883.620499
2077.327201
1885.881667
2242.392446
2200.937704
2147.423401
2163.251575
2122.550556
2642.619134
2204.706317
2242.392446
2043.409685
2391.629516
2436.852871
2396.905574
2645.634025
2515.240019
1770.562112
1958.239034
2577.04527
2558.955928
2052.454356
1803.725906
2451.927322
2349.421052
1940.903415
2396.905574
2112.752162
2366.002948
2651.663805
2474.539
2410.47258
2251.437117
2032.103847
2156.468072
2295.153026
2371.279006
2356.958278
2075.819756
2171.542523
2506.94907
2251.437117
2069.789976
2211.48982
2191.893033
2142.901066
2157.221795
2448.158709
2018.53684
2011.753337
2301.182807
2160.990407
2465.494329
2027.581511
2050.193189
1971.052318
2001.201221
1916.03057
2165.512743
2527.29958
2299.675362
1937.134802
1990.649105
2468.509219
2307.96631
2216.765878
2203.952594
1909.247067
2086.371872
2315.503536
2084.110705
2639.604244
2444.390096
2179.079749
2424.793309
1974.067208
1460.782133
1800.711015
1681.622848
1847.441815
2121.043111
2002.708666
2412.733748
2394.644406
1652.98139
2390.122071
2740.603069
2471.524109
2310.227478
2098.431433
2252.944562
2165.512743
2211.48982
2297.414194
3164.94888
2935.063494
2099.938879
2528.053303
2390.122071
2165.512743
2197.922814
1864.023712
2376.555065
2556.69476
2406.703968
2430.82309
2448.912432
2746.63285
2061.499027
2639.604244
1861.008822
2147.423401
2130.841504
1909.247067
2514.486296
2800.147153
2249.175949
2641.865412
2213.750988
1761.517441
2171.542523
2203.952594
2020.798008
1750.965325
2798.639708
2470.016664
2185.10953
2106.722382
1941.657137
2084.864427
2143.654788
2185.10953
2038.88735
2284.60091
1788.651454
2838.587004
3033.047429
2369.017839
2294.399304
1987.634215
2177.572304
1793.17379
1790.912622
2180.587194
1854.979041
2140.639898
2099.938879
2216.765878
2038.88735
2066.021363
2022.305453
2354.69711
1918.291737
2461.725716
2506.195348
2367.510394
1992.910273
1963.515092
2297.414194
1796.942403
1980.850711
2776.781753
2351.682219
2000.447498
2548.403812
1881.359331
1972.559763
1984.619324
1928.843854
2146.669678
1809.755686
2308.720033
1890.404002
2012.50706
2281.58602
2317.764703
2522.023522
2057.730414
2280.078575
2261.989233
1857.240209
2106.722382
2020.798008
2355.450832
2101.446324
2182.09464
2163.251575
1968.79115
2209.228652
2052.454356
1940.903415
2222.795659
1985.373047
1686.145184
1917.538015
2436.852871
2081.095814
1888.896557
2028.335234
1988.387937
2011.753337
1844.426925
1903.217286
2192.646756
2474.539
2276.309962
1797.696125
1787.144009
1644.690442
1988.387937
1974.820931
1795.434957
1992.15655
2063.006472
1940.149692
1790.158899
1981.604434
1894.926338
1880.605609
1989.14166
1968.037428
1786.390286
2070.543698
1699.71219
1561.780958
2010.999615
1997.432608
1509.020378
1799.20357
1850.456706
2090.140485
1935.627357
1760.009996
1770.562112
1856.486486
1732.122261
1994.417718
1354.50725
2076.573479
1809.001964
2215.258433
2228.825439
1830.106196
1897.187505
2013.260782
1908.493344
1778.099338
2021.551731
2214.50471
1851.964151
1908.493344
1976.328376
1916.784292
1934.873634
1830.859919
1747.196712
2048.685743
1968.037428
1701.219635
2028.335234
1697.451022
2197.922814
1810.509409
1813.524299
2017.029395
2050.193189
1645.444165
2191.893033
1848.195538
1845.180647
2264.2504
2075.819756
2061.499027
1523.341107
1821.815248
1742.674377
2226.564272
1655.242558
2107.476104
1922.814073
1922.06035
2228.071717
1897.941228
2167.773911
2173.803691
2362.988058
1872.31466
2250.683394
2467.755496
2326.055652
2098.431433
2127.826614
2218.273323
1937.134802
1625.093655
2260.481788
2370.525284
1811.263132
2073.558588
2150.438291
2087.879317
2363.741781
2240.131278
2226.564272
2132.348949
1821.061525
2061.499027
2101.446324
2034.365014
2066.775085
2122.550556
2381.831123
2315.503536
2173.049969
2522.023522
2398.413019
1998.186331
2358.465723
2143.654788
1906.985899
2137.625008
2120.289388
2285.354633
1946.179473
2255.20573
2389.368348
2265.004123
2099.185156
2154.206904
1948.440641
2059.991582
2071.297421
2091.64793
2052.454356
2224.303104
2490.367174
2060.745305
2255.20573
2366.002948
2150.438291
2052.454356
2099.185156
2017.783118
2419.517251
2099.938879
2125.565446
2181.340917
2209.982375
2267.265291
2249.929672
2115.767053
2142.147343
2339.622658
1931.858744
1970.298595
1943.164583
2093.909098
2175.311136
2608.701618
2211.48982
2579.306438
2565.739431
2154.960627
2154.206904
1692.928687
2139.132453
2187.370698
1949.194363
2164.005298
1900.202396
1726.846203
2228.825439
1944.672028
2218.273323
2677.290373
2069.789976
2201.691427
2057.730414
2121.043111
2209.982375
1904.724731
2070.543698
2358.465723
2289.876968
2164.75902
2322.287039
2281.58602
2176.064859
2289.123246
2138.37873
1943.918305
2136.871285
1912.261957
1772.069557
2119.535666
1907.739621
2194.907923
1722.323867
2096.923988
2512.225128
2064.513918
2289.123246
2500.91929
2361.480613
2515.993741
1974.067208
2756.431243
2353.943387
2529.560748
2486.598561
2034.365014
1917.538015
1650.720223
1872.31466
2422.532142
1793.927512
2252.944562
2481.322503
1842.165757
1878.344441
2263.496678
1616.048984
1655.996281
2292.891858
2060.745305
2216.765878
1861.008822
2451.1736
1985.373047
1949.948086
2211.48982
2267.265291
2320.025871
2158.72924
1952.962976
2313.242368
2051.700634
2148.930846
1752.47277
1659.011171
2188.878143
2316.257258
2338.115213
2240.885001
2059.991582
2280.078575
2271.787626
2407.45769
2094.662821
1649.9665
2428.561922
2119.535666
2362.988058
2197.169091
2001.201221
2229.579162
2096.923988
2130.087782
1910.000789
2266.511568
1916.784292
2266.511568
2109.737272
2431.576813
1977.082099
1753.980216
2411.226303
1981.604434
2193.400478
2050.193189
2046.424576
2137.625008
1903.971009
2283.847188
2027.581511
1697.451022
1873.822105
2048.685743
1947.686918
1836.889699
2160.990407
2112.752162
2180.587194
2479.061335
2333.592878
1822.56897
2113.505885
1716.294087
2042.655963
2050.193189
2047.178298
2076.573479
2094.662821
2273.295071
2194.154201
2143.654788
2077.327201
2127.072891
1775.83817
2131.595227
1705.741971
2350.928497
2253.698284
1874.575828
2355.450832
2341.883826
2174.557414
2201.691427
2047.932021
2211.48982
1991.402827
1741.920654
2170.788801
1916.784292
2465.494329
2011.753337
2251.437117
1848.94926
2249.175949
2144.408511
1841.412035
2044.91713
2004.216111
2100.692601
1793.927512
2179.079749
1779.606783
2221.288214
1925.828963
1946.933195
2099.938879
2149.684569
1726.09248
1898.69495
2314.749813
2525.038412
2190.385588
2561.970819
1787.897732
2025.320343
1908.493344
2135.36384
2160.236685
2059.991582
1833.121086
1953.716699
2007.984724
1893.418892
2513.732574
2007.984724
2154.960627
2314.749813
1775.83817
2134.610117
1653.735113
2240.885001
1925.075241
2503.180458
2279.324852
1999.693776
2205.460039
2004.969834
2317.764703
2356.204555
1869.29977
1848.94926
2142.901066
1663.533506
2000.447498
2220.534491
2868.735908
2243.899891
2435.345426
2131.595227
1822.56897
2210.736098
2184.355807
2067.528808
1856.486486
1717.047809
1990.649105
2294.399304
1680.869126
1812.770577
1899.448673
2195.661646
2035.87246
2035.87246
1891.911447
2077.327201
2010.999615
2076.573479
2105.968659
1955.224144
2410.47258
2017.783118
2145.915956
1720.0627
2057.730414
1824.076415
2205.460039
2387.860903
2439.114038
1890.404002
1750.965325
2209.228652
2018.53684
2260.481788
2032.857569
2090.140485
1785.636564
1814.278022
1910.754512
1569.318184
1757.748829
1680.115403
1940.903415
1966.529982
1577.609133
2093.155375
1827.845028
2317.010981
2359.973168
2372.786452
1816.53919
1857.240209
1859.501376
1648.459055
1594.191029
2251.437117
2226.564272
1877.590718
1903.971009
2211.48982
2048.685743
2016.275673
1821.061525
2525.792135
2130.841504
2031.350124
1887.389112
2012.50706
2217.519601
2042.655963
2188.12442
1885.127944
2001.954944
2106.722382
2029.088956
2248.422226
2515.240019
2286.108355
2007.231002
2103.707492
2233.347775
2142.147343
2096.170266
2407.45769
1836.889699
1991.402827
1874.575828
2006.477279
2294.399304
2289.123246
2093.155375
1830.106196
2078.834646
2399.920464
2118.02822
2651.663805
2124.058001
2240.885001
2457.20338
1964.268815
2822.75883
1750.211603
2343.391271
2607.194173
2562.724541
2241.638723
2167.020188
2434.591703
2221.288214
2044.163408
1845.180647
2226.564272
2090.894208
2527.29958
1961.253924
2408.965135
1767.547222
2638.850521
2520.516077
2442.128929
3148.366984
2690.103657
2606.440451
2473.031554
2519.008632
2128.580337
2427.054477
2132.348949
2684.073876
2255.959452
2612.470231
2047.932021
2329.070542
2218.273323
2143.654788
2197.169091
2277.063684
2785.826424
2619.253734
2231.086607
2638.096799
2596.642057
2944.108165
2460.971993
2522.777245
2902.653423
2473.785277
3024.756481
3076.009616
2090.140485
2745.879127
2323.040762
2361.480613
2007.984724
2110.490995
2513.732574
2558.955928
2423.285864
2373.540174
2105.214937
2277.817407
2388.614626
2343.391271
2584.582496
2020.044285
2171.542523
2840.848172
2223.549381
2237.116388
2652.417528
2389.368348
2336.607768
2466.248051
2099.185156
2255.20573
1983.111879
2053.208079
2100.692601
2650.910083
2687.088766
2809.191824
2372.032729
2646.387747
2384.846013