565.359711
240.50528
622.642627
269.146738
460.592273
643.746859
-306.697311
718.365394
405.570525
405.570525
700.276053
587.971389
376.929067
5.343836
529.181027
464.360886
379.190235
532.195918
707.813278
492.248621
618.120292
525.412415
388.234906
578.172995
117.6485
508.076795
37.753907
107.096384
20.418288
438.734318
358.839725
581.941608
480.942783
248.796229
206.587764
22.679456
734.193569
299.295641
611.336788
191.513313
594.754892
497.524679
211.863822
160.610687
295.527029
559.329931
578.172995
509.58424
376.175344
446.271544
358.086002
474.159279
338.489215
315.123816
524.658692
268.393016
469.636944
311.355203
407.831693
203.572874
534.457086
244.273893
-43.648131
603.04584
199.804261
-24.805067
-60.983751
458.331105
296.280751
15.14223
478.681615
484.711395
73.178868
138.752732
521.643802
428.935925
526.91986
21.925733
48.306023
581.187885
-143.139511
331.705712
199.050539
747.760575
317.384983
485.465118
554.053873
552.546427
597.769782
470.390666
-14.252951
366.376951
251.057396
594.001169
475.666724
393.510964
182.468642
80.716094
-35.357183
37.753907
279.698854
1.575223
182.468642
846.498233
213.371268
-143.139511
251.811119
713.843059
-74.550757
231.460609
205.834042
496.770957
191.513313
697.261162
1042.466103
241.259003
639.224524
392.757241
26.448068
209.602655
215.632435
602.292117
745.499407
105.588939
571.389492
563.098543
146.289958
301.556809
300.803087
320.399874
-27.819957
122.170836
14.388507
502.047015
40.768797
303.817977
285.728635
263.87068
143.275068
373.914177
831.423781
364.869506
21.925733
566.867156
183.976087
604.553285
-21.036454
-71.535867
446.271544
670.127149
107.096384
202.065429
841.222174
502.800737
9.866172
523.904969
309.847757
636.209633
248.042506
719.87284
169.655358
178.700029
382.205125
160.610687
40.768797
210.356377
105.588939
495.263511
107.096384
126.693171
-110.729441
-18.775286
-287.100524
554.053873
193.020758
26.448068
85.992152
281.960022
416.122641
900.766258
140.260178
235.982945
-282.578188
-86.610318
388.988628
-323.279207
-15.006673
464.360886
286.482358
197.543093
421.398699
-207.205931
362.608338
234.4755
504.308182
279.698854
-45.155576
-135.602286
472.651834
-48.170467
199.804261
168.901636
-99.423602
39.261352
-36.864628
125.185726
-255.444176
9.866172
352.809944
678.418098
222.415939
-150.676737
-152.937905
-331.570156
174.177694
144.782513
126.693171
68.656533
-232.078776
223.169661
-94.147544
-474.023723
18.910843
-88.117763
93.529378
177.946306
158.349519
-122.035279
461.345996
86.745875
-79.073092
46.044855
-185.347976
198.296816
-229.817608
-38.372073
222.415939
178.700029
232.214332
-28.57368
128.954339
114.63361
618.120292
67.90281
-381.315846
177.192584
-122.035279
517.875189
238.244113
661.836201
-278.055853
-84.34915
15.895952
-133.341118
36.246462
17.403397
284.22119
382.205125
236.736667
137.245287
213.371268
0.821501
324.168486
205.834042
-53.446525
107.850107
312.108925
203.572874
563.098543
295.527029
178.700029
-98.669879
446.271544
442.502931
90.514487
191.513313
494.509789
-44.401854
-18.775286
469.636944
194.528203
131.215507
-152.184182
-68.520976
368.638119
-99.423602
110.864997
761.327581
247.288784
-5.962002
369.391841
-159.721408
116.141055
190.005868
390.496073
404.816802
633.948466
428.182202
260.102067
294.019583
237.49039
649.77664
279.698854
284.22119
438.734318
-179.318195
803.536046
33.231572
210.356377
398.787022
104.081494
-169.519802
174.177694
587.217666
137.245287
224.677106
474.159279
30.970404
398.787022
219.401048
603.799563
598.523505
337.735493
411.600305
357.33228
444.010376
277.437687
161.36441
76.193759
-60.230028
-22.543899
294.773306
199.050539
397.279576
112.372442
194.528203
250.303674
-135.602286
132.722952
990.459245
338.489215
300.803087
376.929067
676.910653
387.481183
141.0139
221.662216
-97.916157
1008.548587
445.517821
757.558968
629.42613
55.843249
465.114608
570.635769
688.970214
126.693171
517.875189
241.259003
101.066604
417.630086
104.081494
722.88773
321.907319
263.116958
436.47315
-19.529009
271.407906
-53.446525
162.871855
496.017234
640.731969
814.841884
-12.745506
267.639293
-222.280382
788.461594
318.138706
502.800737
483.957673
246.535061
397.279576
137.99901
154.580907
-3.700835
442.502931
783.185536
-85.856596
278.945132
174.931416
367.884396
796.752542
-225.295272
-57.96886
269.146738
227.691997
208.09521
215.632435
133.476674
556.31504
578.926718
277.437687
2.328946
-197.407537
245.027616
462.099718
412.354028
440.995486
237.49039
443.256654
520.136357
555.561318
597.016059
-32.342293
154.580907
-116.759221
-50.431634
269.146738
507.323073
-336.092491
134.98412
223.923384
156.088352
260.85579
-25.558789
-33.096015
217.893603
-79.826815
43.029965
92.775655
104.081494
547.270369
152.319739
456.82366
529.93475
23.433178
303.817977
-103.192215
-27.066235
82.977262
298.541919
261.609513
160.610687
133.476674
115.387333
-200.422427
74.686313
34.739017
508.076795
-38.372073
-306.697311
62.626752
-141.632066
261.609513
651.284085
350.548777
309.094035
-213.235711
78.454926
-234.339943
339.996661
349.795054
-132.587395
340.750383
131.215507
-9.730615
-14.252951
205.834042
418.383809
234.4755
451.547602
-363.226504
37.753907
244.273893
295.527029
-76.058202
-181.579363
370.899286
229.199442
104.081494
676.15693
-164.997466
281.2063
-172.534692
-15.760396
711.581891
256.333454
-57.96886
114.63361
-265.996292
141.0139
-56.461415
13.634785
-130.326228
214.12499
-515.478465
-446.135988
-215.496879
-50.431634
3.082669
392.757241
73.178868
2.328946
243.520171
-201.17615
315.123816
161.36441
406.324247
-320.264317
-215.496879
-150.676737
215.632435
-179.318195
94.2831
144.782513
-63.244918
235.982945
273.669074
143.275068
-36.110906
154.580907
300.049364
-49.677912
315.123816
18.15712
205.834042
-384.330736
-204.19104
519.382634
-113.744331
-39.125796
-10.484338
325.675932
-30.081125
-123.542724
-51.185357
-110.729441
8.358727
117.6485
278.191409
320.399874
169.655358
23.433178
137.245287
-241.877169
-265.242569
172.670248
-100.177325
205.834042
306.832867
288.743525
137.245287
386.72746
279.698854
-92.640099
212.617545
85.238429
-424.278033
132.722952
318.138706
426.674757
397.279576
12.127339
-162.736299
93.529378
393.510964
237.49039
8.358727
-62.491196
-3.700835
-31.58857
484.711395
66.395365
278.945132
-18.021564
296.280751
470.390666
-88.117763
650.530362
549.531537
-24.051344
-209.467098
97.297991
336.228048
607.568176
190.005868
435.719428
-228.310163
191.513313
-70.782144
-22.543899
293.265861
-11.991783
60.365584
-67.767254
-106.207105
132.722952
100.312881
143.275068
333.96688
100.312881
131.215507
142.521345
-250.92184
127.446894
150.812294
320.399874
12.881062
103.327771
605.307008
119.909668
118.402223
756.051523
112.372442
172.670248
176.438861
218.647326
60.365584
52.074636
-143.139511
16.649675
384.466293
246.535061
141.0139
569.128324
665.604814
61.87303
287.989803
339.996661
440.241763
163.625577
110.111274
220.154771
364.115783
535.210808
402.555634
-195.146369
-30.081125
370.899286
-29.327402
408.585415
309.847757
291.758416
367.884396
21.17201
544.255479
97.297991
401.801912
-50.431634
-328.555266
390.496073
673.895762
202.819151
479.435337
487.726286
150.058571
-77.565647
481.696505
564.605989
538.225698
245.781338
172.670248
43.029965
161.36441
-1.439667
444.010376
416.122641
325.675932
-92.640099
24.940623
-382.823291
-7.469448
76.193759
200.557984
587.217666
272.161629
180.961197
-72.289589
137.245287
645.254304
464.360886
61.119307
385.220015
-216.250602
358.839725
107.850107
340.750383
576.66555
489.233731
273.669074
7.605004
403.309357
664.097369
156.088352
444.764099
523.904969
393.510964
272.161629
207.341487
257.087177
56.596971
341.504106
325.675932
369.391841
219.401048
401.801912
336.98177
174.177694
502.800737
364.869506
437.980596
587.217666
636.209633
337.735493
221.662216
636.963356
235.982945
420.644976
601.538395
997.242748
335.474325
335.474325
677.664375
799.01371
419.891254
664.851091
470.390666
339.996661
490.741176
371.653009
170.409081
330.198267
505.061905
315.877538
600.03095
420.644976
266.131848
318.892428
677.664375
597.769782
673.14204
255.579732
365.623228
561.591098
194.528203
408.585415
488.480008
577.419272
450.793879
536.718253
572.143214
492.248621
854.789181
758.312691
288.743525
387.481183
437.980596
450.793879
541.240589
633.948466
349.795054
316.631261
-50.431634
564.605989
445.517821
280.452577
346.780164
173.423971
590.986279
220.908493
544.255479
489.987453
707.813278
577.419272
392.003518
627.918685
-160.475131
327.937099
581.187885
239.751558
553.30015
708.567001
652.79153
330.95199
-317.249427
32.477849
526.166137
566.867156
663.343646
-58.722583
672.388317
242.766448
-129.572505
269.146738
316.631261
535.964531
535.210808
380.69768
317.384983
479.435337
127.446894
89.760765
266.885571
600.03095
187.7447
357.33228
385.973738
-72.289589
619.627737
334.720603
288.743525
496.770957
229.953164
122.924558
331.705712
291.758416
349.795054
300.049364
209.602655
164.3793
527.673582
141.0139
459.084828
446.271544
180.961197
348.287609
358.839725
291.004693
-4.454557
602.292117
448.532712
82.223539
-166.504911
191.513313
328.690822
-52.692802
97.297991
358.839725
563.098543
613.597956
-333.831324
60.365584
149.304849
-90.378931
202.819151
377.682789
479.435337
7.605004
-198.914982
-210.974543
-27.819957
282.713745
434.965705
83.730984
165.886745
316.631261
276.683964
212.617545
-306.697311
125.185726
-43.648131
428.935925
25.694346
259.348345
-212.481989
-86.610318
32.477849
-114.498054
89.007042
255.579732
-52.692802
211.863822
30.216681
486.218841
454.562492
200.557984
56.596971
536.718253
407.831693
664.097369
-44.401854
-46.663022
-320.264317
-539.597587
-410.711026
6.851281
232.214332
345.272719
606.814453
30.970404
-224.54155
-74.550757
291.004693
12.127339
0.821501
485.465118
-133.341118
-56.461415
254.072287
591.740001
12.127339
153.827184
107.850107
-231.325053
-112.236886
151.566016
325.675932
-376.79351
-163.490021
-97.162434
164.3793
128.200616
76.947481
315.123816
-483.068394
170.409081
268.393016
270.654183
272.915351
274.422796
229.953164
79.208649
554.807595
-158.213963
62.626752
77.701204
-20.282731
91.26821
190.005868
722.134007
114.63361
173.423971
165.886745
192.267035
-134.094841
226.184551
-18.775286
48.306023
39.261352
134.230397
61.87303
167.39419
583.449053
294.773306
355.824835
371.653009
235.982945
156.842074
213.371268
318.892428
537.471976
408.585415
73.932591
93.529378
121.417113
-1.439667
-197.407537
399.540744
489.987453
70.9177
205.834042
324.922209
735.701014
234.4755
774.140865
17.403397
-88.871486
27.201791
346.780164
571.389492
107.850107
554.807595
107.096384
-18.021564
343.765273
202.819151
493.002344
93.529378
361.854615
361.100893
-77.565647
85.238429
162.118132
324.922209
129.708061
113.879887
218.647326
505.815628
337.735493
27.955514
55.843249
675.403207
333.96688
327.937099
425.921034
66.395365
25.694346
46.044855
292.512138
829.162613
547.270369
258.594622
70.9177
353.563667
-166.504911
762.081304
600.784672
722.88773
231.460609
-20.282731
416.876363
512.599131
418.383809
651.284085
157.595797
156.842074
66.395365
37.000184
445.517821
423.659867
350.548777
284.22119
260.85579
365.623228
437.226873
973.877348
633.948466
391.249796
281.2063
456.069937
462.099718
309.094035
566.113434
500.53957
18.910843
558.576208
238.244113
341.504106
381.451402
257.8409
211.863822
272.161629
251.057396
323.414764
330.198267
117.6485
114.63361
421.398699
-52.692802
284.974912
382.205125
231.460609
-132.587395
-360.211614
413.861473
795.245097
230.706887
433.45826
658.067588
431.950815
315.123816
-116.759221
-140.878344
346.026441
79.962371
679.17182
-18.021564
425.921034
290.25097
440.241763
375.421622
60.365584
336.98177
248.042506
762.081304
196.035648
569.882047
355.824835
-87.364041
231.460609
163.625577
299.295641
150.812294
342.257828
376.175344
217.893603
206.587764
197.543093
532.94964
173.423971
398.787022
-151.43046
123.678281
150.812294
-0.685944
58.858139
73.178868
1045.480993
83.730984
300.803087
357.33228
155.334629
624.150072
351.302499
387.481183
241.259003
162.118132
17.403397
-222.280382
-51.93908
682.940433
153.073461
124.432003
-138.617176
37.753907
174.177694
529.181027
93.529378
105.588939
232.968055
-252.429285
158.349519
-404.681246
208.848932
342.257828
340.750383
936.191219
627.918685
176.438861
208.09521
156.842074
507.323073
286.482358
-265.242569
95.790546
284.22119
563.098543
381.451402
487.726286
318.138706
-122.035279
178.700029
295.527029
89.760765
309.847757
603.04584
781.678091
390.496073
385.220015
177.192584
670.880872
-45.909299
229.199442
366.376951
675.403207
204.326597
351.302499
48.306023
223.923384
85.238429
16.649675
195.281926
508.830518
612.844234
806.550936
277.437687
56.596971
508.830518
306.079145
324.168486
-118.266666
150.058571
-39.879518
131.215507
504.308182
6.097559
775.64831
332.459435
140.260178
-14.252951
295.527029
521.643802
10.619894
363.36206
85.238429
37.000184
271.407906
526.166137
395.772131
288.743525
-380.562123
-4.454557
235.229222
-43.648131
783.185536
319.646151
202.065429
264.624403
260.102067
371.653009
278.191409
-0.685944
0.067778
386.72746
197.543093
315.123816
57.350694
126.693171
-119.020389
215.632435
278.191409
408.585415
238.244113
165.886745
332.459435
350.548777
342.257828
40.015075
-60.230028
-520.0008
461.345996
419.137531
480.18906
-152.937905
30.970404
288.743525
-590.850722
110.864997
7.605004
-562.962987
107.096384
150.058571
-39.125796
88.25332
238.997835
-101.68477
168.147913
113.126165
59.611862
445.517821
-158.967686
153.827184
-180.82564
7.605004
187.7447
-108.468273
110.864997
-41.386964
208.848932
410.09286
97.297991
-166.504911
-15.006673
196.035648
-186.855421
64.134197
-504.926349
22.679456
442.502931
-129.572505
306.832867
261.609513
456.069937
-8.22317
190.75959
76.947481
-169.519802
353.563667
133.476674
-412.972194
-1.439667
-491.359342
-426.539201
85.992152
199.050539
-240.369724
-160.475131
-28.57368
-79.826815
-272.779795
182.468642
-10.484338
125.939449
-40.633241
-44.401854
499.785847
389.742351
-104.69966
-53.446525
291.758416
24.186901
-111.483163
80.716094
104.081494
146.289958
-239.616001
-146.908124
-42.894409
-469.501387
-148.41557
237.49039
463.607163
166.640468
268.393016
327.183377
606.814453
-235.847389
474.159279
317.384983
-31.58857
284.22119
-51.185357
293.265861
98.805436
132.722952
-171.780969
592.493724
142.521345
195.281926
157.595797
177.946306
-230.57133
54.335804
-11.991783
-88.117763
188.498423
116.141055
97.297991
131.215507
-64.752363
431.950815
349.795054
379.943957
13.634785
50.567191
184.72981
201.311706
388.234906
260.85579
58.104417
-139.370899
114.63361
581.941608
114.63361
-94.901267
80.716094
69.410255
2.328946
55.089526
-15.006673
-79.073092
428.935925
-109.221996
-335.338769
171.162803
605.307008
670.880872
752.28291
-106.960828
227.691997
161.36441
116.894778
175.685139
260.102067
414.615196
316.631261
99.559158
264.624403
506.56935
352.809944
76.193759
461.345996
-124.296447
6.851281
833.684949
401.048189
246.535061
521.643802
301.556809
519.382634
98.051713
304.571699
887.952974
383.71257
299.295641
120.663391
418.383809
425.921034
684.447878
508.830518
296.280751
484.711395
58.858139
602.292117
85.992152
386.72746
795.99882
478.681615
655.80642
643.746859
370.899286
537.471976
768.864807
743.238239
652.037808
311.355203
-116.759221
968.60129
715.350504
407.831693
648.269195
288.743525
1117.83836
573.65066
450.793879
328.690822
1007.041142
578.172995
479.435337
368.638119
-180.82564
830.670058
617.366569
359.593448
611.336788
691.231382
208.848932
558.576208
556.31504
749.26802
789.215317
349.041331
140.260178
734.193569
548.024092
68.656533
1131.405367
527.673582
624.903795
401.801912
368.638119
1034.175154
665.604814
480.18906
-70.028421
417.630086
529.93475
716.857949
762.081304
488.480008
459.084828
73.932591
529.181027
659.575033
83.730984
388.234906
335.474325
663.343646
578.172995
639.978246
-5.20828
427.42848
-47.416744
419.137531
429.689647
128.200616
177.946306
725.90262
123.678281
269.900461
205.834042
624.903795
291.758416
426.674757
33.985294
781.678091
722.88773
710.828169
780.170646
616.612846
401.048189
222.415939
382.205125
214.12499
527.673582
-91.886376
133.476674
526.91986
330.95199
500.53957
772.63342
213.371268
664.851091
104.081494
330.198267
560.083653
158.349519
624.150072
-171.780969
383.71257
842.72962
143.275068
182.468642
-143.139511
577.419272
554.807595
422.906144
388.234906
529.181027
615.105401
615.859124
848.005678
87.499597
575.911827
-241.877169
444.764099
352.809944
76.947481
329.444544
12.881062
708.567001
849.513123
793.737652
890.967865
501.293292
625.657517
-18.775286
753.790356
458.331105
428.935925
238.244113
281.960022
162.118132
758.312691
480.18906
245.027616
307.58659
472.651834
456.82366
691.231382
901.519981
717.611672
540.486866
252.564842
256.333454
361.854615
442.502931
323.414764
505.061905
572.896937
462.853441
-221.52666
598.523505
395.018409
443.256654
21.17201
1117.084638
266.885571
284.974912
690.477659
649.022917
627.918685
94.2831
370.899286
205.080319
302.310532
535.210808
272.161629
335.474325
281.2063
545.009202
718.365394
453.055047
404.06308
623.39635
887.952974
753.790356
563.098543
373.914177
825.394
393.510964
87.499597
216.386158
-100.931047
403.309357
162.871855
434.965705
553.30015
493.002344
280.452577
706.305833
379.190235
551.038982
349.041331
514.860299
265.378125
-34.60346
499.785847
332.459435
439.488041
278.191409
323.414764
454.562492
370.145564
636.209633
640.731969
400.294467
310.60148
624.903795
298.541919
633.948466
165.133023
437.226873
736.454736
507.323073
25.694346
345.272719
783.185536
272.161629
30.970404
509.58424
200.557984
742.484517
477.17417
58.104417
464.360886
406.324247
205.080319
152.319739
311.355203
242.012726
578.172995
278.191409
538.225698
499.785847
424.413589
212.617545
406.324247
953.526839
321.907319
449.286434
254.072287
229.199442
323.414764
73.178868
292.512138
621.135182
483.957673
276.683964
148.551126
467.375776
548.024092
316.631261
473.405557
706.305833
697.261162
101.820326
569.882047
277.437687
92.021933
171.162803
615.105401
250.303674
-149.169292
416.122641
-64.752363
491.494899
79.208649
289.497248
79.208649
9.866172
-67.013531
249.549951
649.022917
321.907319
269.900461
324.168486
42.276243
222.415939
356.578557
620.381459
300.049364
202.065429
27.201791
334.720603
-103.945937
183.976087
-54.95397
301.556809
395.018409
245.781338
361.854615
-57.215138
39.261352
-31.58857
24.186901
35.492739
210.356377
-201.929873
18.910843
254.072287
206.587764
315.877538
-90.378931
335.474325
328.690822
63.380475
399.540744
-25.558789
382.205125
37.000184
43.783688
470.390666
509.58424
455.316215
174.931416
423.659867
-37.618351
414.615196
413.107751
-22.543899
-23.297622
-180.071918
351.302499
144.782513
680.679266
223.923384
-8.976893
167.39419
609.829343
171.162803
447.778989
416.876363
491.494899
395.772131
85.992152
367.130673
20.418288
682.940433
-52.692802
441.749209
294.019583
450.040157
283.467467
603.04584
363.36206
444.764099
58.104417
328.690822
98.805436
383.71257
184.72981
153.827184
333.213157
558.576208
182.468642
346.780164
310.60148
-5.962002
405.570525
156.088352
523.151247
222.415939
267.639293
131.215507
955.034284
653.545253
563.852266
336.98177
624.903795
329.444544
493.756066
220.154771
129.708061
398.787022
266.885571
643.746859
316.631261
214.878713
-100.177325
474.159279
555.561318
184.72981
273.669074
315.123816
526.166137
775.64831
556.31504
390.496073
198.296816
609.829343
289.497248
239.751558
635.455911
779.416923
724.395175
698.014885
574.404382
165.133023
113.126165
101.066604
306.832867
445.517821
177.946306
333.213157
900.766258
327.937099
519.382634
360.34717
538.979421
320.399874
349.041331
303.817977
406.324247
361.100893
16.649675
309.094035
526.166137
607.568176
572.896937
202.819151
67.149088
459.084828
791.476484
819.36422
456.069937
419.137531
545.009202
287.23608
-86.610318
577.419272
447.778989
312.862648
562.344821
349.795054
492.248621
-5.962002
335.474325
165.133023
384.466293
362.608338
831.423781
316.631261
235.229222
227.691997
371.653009
764.342472
168.901636
132.722952
367.130673
617.366569
795.99882
559.329931
610.583066
157.595797
131.969229
284.22119
383.71257
327.183377
70.9177
673.895762
148.551126
371.653009
694.246272
359.593448
-96.408712
70.163978
174.177694
569.128324
576.66555
274.422796
641.485692
-51.93908
24.186901
334.720603
187.7447
299.295641
711.581891
1001.765083
234.4755
276.683964
421.398699
325.675932
404.06308
247.288784
100.312881
217.13988
465.868331
833.684949
315.877538
538.979421
-100.177325
377.682789
-51.185357
161.36441
995.735303
363.36206
757.558968
154.580907
543.501756
-23.297622
74.686313
-57.215138
359.593448
113.126165
661.082479
451.547602
-366.995117
186.237255
172.670248
404.816802
207.341487
128.200616
395.018409
385.973738
196.789371
-125.803892
221.662216
168.901636
345.272719
-36.110906
-45.909299
475.666724
297.034474
159.103242
209.602655
110.111274
275.930241
238.244113
500.53957
158.349519
4.590114
406.324247
144.782513
-7.469448
45.291133
437.980596
303.817977
304.571699
614.351679
-26.312512
147.043681
-104.69966
-327.04782
367.130673
158.349519
-42.894409
618.120292
-151.43046
208.848932
119.909668
-181.579363
-304.436143
110.864997
93.529378
67.149088
166.640468
-308.958479
9.112449
-76.058202
95.790546
248.796229
-45.909299
339.242938
-35.357183
70.9177
6.097559
204.326597
32.477849
74.686313
0.067778
-212.481989
175.685139
63.380475
269.900461
183.222364
116.141055
525.412415
-163.490021
132.722952
-229.817608
-97.916157
375.421622
40.015075
-280.317021
-141.632066
-446.88971
-155.199073
193.774481
116.894778
237.49039
137.99901
148.551126
16.649675
-448.397155
92.021933
432.704538
156.842074
362.608338
146.289958
160.610687
331.705712
-182.333086
-27.819957
-29.327402
135.737842
135.737842
45.291133
52.828359
128.954339
-293.884027
129.708061
-171.780969
587.217666
37.753907
-170.273524
445.517821
242.012726
306.832867
177.192584
194.528203
285.728635
275.176519
409.339138
-170.273524
61.119307
387.481183
572.896937
538.225698
73.178868
553.30015
169.655358
-450.658323
-36.864628
388.234906
405.570525
460.592273
376.929067
290.25097
392.003518
265.378125
46.044855
221.662216
361.100893
550.28526
-188.362866
83.730984
333.213157
364.869506
264.624403
137.99901
30.970404
12.881062
171.916526
302.310532
-20.282731
40.015075
232.214332
336.98177
490.741176
306.079145
-125.05017
-439.352484
-190.624034
-224.54155
102.574049
346.026441
2.328946
169.655358
263.87068
-1.439667
259.348345
370.145564
135.737842
-138.617176
-36.110906
206.587764
9.112449
-5.20828
168.901636
615.105401
168.147913
358.086002
192.267035
480.18906
240.50528
470.390666
64.88792
335.474325
128.200616
401.048189
497.524679
-205.698485
159.856965
423.659867
10.619894
-3.700835
80.716094
-155.199073
72.425146
179.453752
281.2063
475.666724
641.485692
-33.096015
228.445719
285.728635
-249.414395
-172.534692
-244.138337
-94.147544
344.518996
133.476674
99.559158
-13.499228
-118.266666
193.774481
-177.81075
-261.473956
8.358727
-18.021564
58.858139
171.162803
446.271544
-336.092491
-210.220821
304.571699
15.14223
416.876363
407.07797
79.962371
-62.491196
-51.185357
-13.499228
-49.677912
-153.691628
-193.638924
-58.722583
229.953164
-36.864628
-67.767254
434.965705
73.932591
232.214332
-2.947112
-83.595428
102.574049
294.773306
203.572874
67.149088
266.131848
251.057396
-2.19339
401.801912
-206.452208
-64.752363
158.349519
633.948466
229.199442
33.231572
-11.991783
-160.475131
7.605004
-51.185357
180.961197
151.566016
-45.909299
-189.870311
193.020758
226.184551
-105.453383
107.850107
208.848932
352.056222
240.50528
346.780164
-291.622859
301.556809
125.185726
116.894778
101.066604
124.432003
173.423971
284.974912
538.979421
103.327771
352.809944
6.851281
679.925543
473.405557
422.906144
-140.878344
309.094035
302.310532
238.997835
-6.715725
-23.297622
525.412415
64.134197
230.706887
226.938274
422.152421
347.533886
378.436512
388.988628
308.340312
274.422796
188.498423
239.751558
572.896937
349.795054
416.876363
294.773306
115.387333
382.958847
-226.802718
260.102067
311.355203
680.679266
223.169661
356.578557
453.055047
647.515472
532.195918
588.725111
244.273893
405.570525
64.88792
167.39419
515.614021
325.675932
261.609513
526.91986
600.784672
336.228048
486.972563
-171.780969
443.256654
531.442195
256.333454
479.435337
670.880872
-539.597587
256.333454
-116.759221
282.713745
328.690822
79.962371
692.738827
288.743525
853.281736
327.183377
465.114608
99.559158
426.674757
568.374602
551.038982
305.325422
445.517821
385.973738
-28.57368
797.506265
474.913002
823.886555
539.733144
308.340312
470.390666
486.972563
357.33228
-92.640099
565.359711
342.257828
339.996661
642.993137
322.661041
493.002344
430.44337
238.244113
355.824835
-25.558789
419.891254
518.628911
639.978246
624.150072
376.175344
592.493724
-89.625209
308.340312
295.527029
524.658692
281.2063
168.901636
88.25332
355.071112
73.932591
385.220015
283.467467
529.181027
101.820326
155.334629
266.131848
62.626752
605.307008
317.384983
41.52252
711.581891
836.699839
134.230397
399.540744
646.008027
163.625577
199.804261
502.047015
-45.909299
390.496073
318.138706
-12.745506
-109.975718
203.572874
308.340312
613.597956
224.677106
327.183377
220.154771
318.892428
219.401048
318.892428
274.422796
417.630086
-11.991783
110.111274
539.733144
135.737842
180.207474
227.691997
-155.199073
-177.81075
-154.44535
129.708061
-113.744331
133.476674
516.367744
340.750383
-236.601111
-45.155576
-125.803892
371.653009
512.599131
224.677106
-143.139511
248.042506
-149.169292
125.939449
-410.711026
-242.630892
53.582081
590.232556
94.2831
-18.775286
-8.976893
-58.722583
562.344821
111.61872
218.647326
190.005868
-723.505896
-587.835832
330.95199
-194.392647
-272.779795
-66.259809
624.903795
208.09521
-133.341118
-519.247078
150.812294
460.592273
352.809944
274.422796
138.752732
-8.976893
-266.750014
370.899286
-43.648131
137.245287
405.570525
-119.774112
376.175344
162.118132
380.69768
149.304849
689.723936
272.915351
275.176519
169.655358
67.90281
290.25097
242.012726
449.286434
2.328946
388.988628
134.230397
168.901636
594.754892
569.128324
-71.535867
-79.073092
-33.096015
149.304849
185.483532
639.224524
302.310532
602.292117
-99.423602
-63.244918
110.111274
161.36441
79.962371
-42.894409
404.816802
465.114608
723.641452
194.528203
177.946306
263.87068
45.291133
361.100893
297.788196
420.644976
75.440036
352.809944
248.042506
138.752732
83.730984
96.544268
217.893603
145.536236
156.842074
402.555634
104.835216
423.659867
169.655358
486.218841
425.167312
835.946116
429.689647
551.792705
329.444544
165.133023
459.83855
135.737842
728.91751
581.187885
771.879697
119.909668
-103.192215
43.029965
300.803087
220.154771
556.31504
168.901636
231.460609
193.020758
554.807595
153.073461
285.728635
513.352853
421.398699
722.134007
360.34717
577.419272
269.146738
220.154771
699.52233
352.056222
11.373617
192.267035
627.918685
727.410065
296.280751
679.17182
-221.52666
470.390666
902.273703
-125.803892
680.679266
578.926718
455.316215
367.884396
436.47315
710.828169
336.228048
472.651834
105.588939
441.749209
146.289958
59.611862
569.882047
14.388507
987.444354
66.395365
410.846583
628.672408
389.742351
964.832677
377.682789
505.061905
123.678281
205.834042
528.427305
-14.252951
149.304849
536.718253
426.674757
282.713745
135.737842
294.019583
446.271544
240.50528
407.07797
91.26821
413.107751
388.234906
188.498423
55.843249
499.785847
562.344821
240.50528
620.381459
507.323073
759.066414
100.312881
384.466293
408.585415
609.075621
-43.648131
390.496073
728.163788
407.07797
235.229222
361.100893
120.663391
492.248621
730.424956
380.69768
142.521345
370.899286
528.427305
608.321898
526.166137
805.043491
146.289958
-78.31937
243.520171
451.547602
291.004693
70.163978
576.66555
188.498423
489.233731
297.034474
225.430829
564.605989
318.138706
59.611862
306.832867
502.047015
834.438671
46.798578
703.290943
320.399874
352.056222
-158.967686
170.409081
726.656343
126.693171
493.002344
408.585415
541.240589
392.003518
381.451402
452.301325
-101.68477
306.079145
217.13988
-9.730615
25.694346
-113.744331
387.481183
318.138706
316.631261
364.115783
639.224524
367.884396
652.037808
495.263511
180.207474
331.705712
25.694346
321.907319
244.273893
190.005868
251.057396
579.68044
531.442195
163.625577
327.183377
719.87284
489.233731
123.678281
516.367744
541.240589
528.427305
613.597956
533.703363
753.790356
820.871665
61.87303
484.711395
437.226873
848.7594
617.366569
92.775655
731.178678
384.466293
109.357552
146.289958
425.921034
549.531537
584.956498
537.471976
896.997645
607.568176
462.099718
863.833852
426.674757
283.467467
427.42848
57.350694
697.261162
638.470801
337.735493
632.441021
955.034284
274.422796
-29.327402
468.129499
229.953164
100.312881
214.878713
835.192394
705.552111
450.040157
192.267035
516.367744
524.658692
378.436512
261.609513
203.572874
199.804261
287.989803
406.324247
271.407906
557.068763
255.579732
621.888904
610.583066
518.628911
227.691997
171.162803
595.508614
368.638119
420.644976
379.943957
76.193759
376.929067
449.286434
682.940433
755.297801
312.108925
421.398699
-24.051344
53.582081
590.986279
272.915351
494.509789
112.372442
494.509789
310.60148
208.848932
119.155945
551.792705
822.37911
566.113434
202.819151
571.389492
205.080319
428.182202
432.704538
235.229222
687.462769
113.126165
346.780164
82.977262
156.842074
336.228048
-125.05017
147.797403
149.304849
122.924558
417.630086
454.562492
107.850107
20.418288
251.057396
483.957673
422.906144
502.047015
223.169661
47.552301
367.884396
557.068763
-30.834847
-134.848563
297.788196
301.556809
432.704538
140.260178
155.334629
-259.966511
67.149088
511.091686
207.341487
224.677106
285.728635
-124.296447
146.289958
19.664565
250.303674
683.694156
3.082669
-91.132654
290.25097
159.103242
229.953164
-98.669879
-219.265492
36.246462
488.480008
-117.512944
-56.461415
-2.19339
-145.400679
414.615196
495.263511
493.002344
310.60148
419.891254
161.36441
173.423971
273.669074
-108.468273
211.1101
264.624403
420.644976
150.058571
161.36441
38.50763
87.499597
-248.660672
54.335804
532.195918
-4.454557
780.924368
333.96688
-31.58857
262.363235
260.102067
25.694346
156.088352
-140.124621
202.065429
174.931416
-118.266666
-101.68477
-288.607969
254.072287
442.502931
327.183377
321.153596
-490.60562
358.839725
462.099718
195.281926
188.498423
148.551126
254.826009
134.98412
103.327771
90.514487
-36.110906
-279.563298
425.167312
-240.369724
-293.884027
221.662216
159.856965
341.504106
-189.116589
119.909668
118.402223
443.256654
-225.295272
-198.16126
349.041331
753.790356
159.856965
309.094035
46.044855
16.649675
93.529378
544.255479
343.765273
336.228048
620.381459
249.549951
-57.215138
55.089526
97.297991
223.169661
-110.729441
193.020758
125.939449
-108.468273
459.084828
255.579732
-15.006673
465.114608
347.533886
232.968055
453.055047
269.900461
-260.720234
98.051713
700.276053
486.972563
0.821501
153.827184
214.878713
43.783688
-15.006673
260.102067
266.885571
290.25097
119.155945
321.907319
158.349519
17.403397
259.348345
392.003518
544.255479
617.366569
336.228048
95.790546
-57.96886
-133.341118
639.978246
-174.042137
367.130673
80.716094
158.349519
587.971389
419.891254
211.863822
525.412415
651.284085
298.541919
319.646151
56.596971
248.042506
320.399874
89.760765
160.610687
696.50744
547.270369
369.391841
761.327581
692.738827
355.824835
441.749209
343.011551
581.941608
407.831693
0.067778
405.570525
144.02879
145.536236
85.992152
780.924368
375.421622
360.34717
246.535061
274.422796
455.316215
502.047015
470.390666
266.131848
767.357362
309.847757
366.376951
431.950815
446.271544
275.930241
306.832867
355.071112
380.69768
531.442195
700.276053
546.516647
539.733144
806.550936
291.758416
343.765273
258.594622
803.536046
872.1248
278.191409
538.225698
91.26821
529.93475
171.916526
266.885571
474.913002
421.398699
388.988628
417.630086
453.80877
306.079145
716.104227
100.312881
101.820326
327.937099
61.87303
383.71257
-43.648131
402.555634
558.576208
-172.534692
180.207474
153.827184
500.53957
272.915351
219.401048
275.930241
630.179853
235.982945
401.048189
305.325422
88.25332
349.795054
309.094035
330.198267
340.750383
-3.700835
789.969039
134.98412
5.343836
284.22119
141.0139
1.575223
493.756066
339.996661
475.666724
513.352853
8.358727
508.076795
-297.65264
332.459435
380.69768
241.259003
-164.997466
95.790546
783.939259
369.391841
275.930241
513.352853
297.788196
283.467467
471.144389
15.895952
372.406731
236.736667
456.069937
156.842074
910.564652
237.49039
410.09286
258.594622
249.549951
171.162803
557.822485
108.603829
332.459435
271.407906
-207.959653
298.541919
194.528203
248.796229
56.596971
130.461784
333.213157
700.276053
77.701204
266.131848
343.011551
212.617545
174.177694
270.654183
404.06308
545.009202
827.655168
89.007042
226.938274
347.533886
770.372252
278.191409
261.609513
280.452577
-186.101698
637.717079
295.527029
584.956498
398.033299
129.708061
255.579732
410.09286
148.551126
111.61872
274.422796
-43.648131
412.354028
513.352853
316.631261
493.002344
-13.499228
397.279576
34.739017
124.432003
235.229222
82.977262
502.047015
221.662216
601.538395
36.246462
392.003518
-187.609144
557.068763
147.797403
299.295641
-109.975718
89.760765
327.183377
204.326597
74.686313
258.594622
196.789371
71.671423
189.252145
-100.177325
631.687298
253.318564
291.004693
118.402223
67.90281
621.888904
-181.579363
373.160454
337.735493
213.371268
586.463943
733.439846
131.215507
541.240589
431.197092
465.114608
676.910653
327.183377
400.294467
317.384983
554.807595
551.792705
468.883221
-71.535867
53.582081
530.688473
697.261162
116.894778
308.340312
243.520171
116.894778
577.419272
684.447878
414.615196
419.891254
500.53957
259.348345
517.875189
481.696505
213.371268
257.8409
474.159279
151.566016
-128.818783
447.025267
732.686123
153.827184
-292.376582
470.390666
479.435337
153.827184
262.363235
235.982945
597.016059
326.429654
108.603829
26.448068
-149.923015
-259.212788
385.973738
670.880872
921.87049
1016.085812
280.452577
479.435337
90.514487
305.325422
-2.947112
328.690822
11.373617
228.445719
493.756066
85.992152
349.041331
316.631261
240.50528
823.886555
344.518996
144.782513
311.355203
333.96688
442.502931
49.059746
-101.68477
353.563667
196.035648
91.26821
115.387333
134.98412
-168.012357
-186.855421
40.015075
511.845408
473.405557
-11.23806
525.412415
481.696505
545.762924
518.628911
150.812294
-77.565647
-81.33426
8.358727
251.811119
326.429654
64.88792
373.914177
340.750383
747.006852
-132.587395
158.349519
12.127339
42.276243
50.567191
-126.557615
-254.690453
35.492739
0.821501
-229.063885
410.09286
198.296816
-37.618351
208.09521
-8.976893
166.640468
70.163978
-193.638924
51.320913
376.175344
-57.96886
180.207474
229.199442
-112.236886
590.986279
-128.818783
-12.745506
113.126165
196.789371
154.580907
312.108925
18.15712
-37.618351
196.035648
373.914177
14.388507
96.544268
346.026441
-241.877169
632.441021
84.484707
110.864997
217.893603
329.444544
214.878713
322.661041
-158.213963
2.328946
109.357552
-104.69966
128.954339
135.737842
171.916526
297.034474
302.310532
141.767623
276.683964
351.302499
-39.879518
147.797403
245.027616
139.506455
-14.252951
498.278402
427.42848
117.6485
213.371268
128.954339
216.386158
351.302499
537.471976
335.474325
343.011551
63.380475
158.349519
128.954339
-192.885202
145.536236
75.440036
95.790546
764.342472
544.255479
-49.677912
296.280751
296.280751
127.446894
373.914177
591.740001
243.520171
459.084828
590.986279
306.079145
663.343646
519.382634
339.996661
542.748034
697.261162
556.31504
532.195918
218.647326
433.45826
432.704538
248.796229
-180.82564
781.678091
218.647326
688.216491
1160.046825
739.469627
285.728635
517.121466
375.421622
269.900461
699.52233
543.501756
757.558968
477.17417
676.15693
704.044665
545.762924
416.876363
441.749209
728.163788
368.638119
606.06073
921.116768
838.207284
361.854615
974.631071
958.802897
47.552301
647.515472
243.520171
27.201791
850.266845
-17.267841
80.716094
245.781338
477.927892
218.647326
68.656533
426.674757
733.439846
597.769782
1172.860109
177.192584
255.579732
74.686313
474.913002
1073.368728
472.651834
1102.010186
367.130673
523.904969
366.376951
495.263511
685.201601
162.871855
684.447878
396.525854
195.281926
225.430829
281.960022
650.530362
431.950815
743.238239
561.591098
208.09521
490.741176
-245.645782
364.869506
1322.850901
462.853441
358.086002
551.792705
310.60148
540.486866
763.588749
667.112259
328.690822
715.350504
300.049364
-144.646957
637.717079
709.320723
686.709046
-47.416744
336.228048
483.20395
647.515472
628.672408
179.453752
481.696505
153.073461
102.574049
762.835026
754.544078
183.976087
436.47315
14.388507
70.9177
357.33228
106.342662
416.876363
226.184551
893.982755
223.923384
208.09521
207.341487
262.363235
663.343646
-91.886376
201.311706
92.021933
518.628911
408.585415
356.578557
-1.439667
-24.805067
225.430829
382.958847
183.222364
34.739017
327.183377
526.166137
577.419272
6.097559
285.728635
273.669074
108.603829
-42.140686
663.343646
585.710221
-168.766079
-555.425761
104.835216
293.265861
214.878713
470.390666
248.042506
-76.811925
233.721777
-179.318195
176.438861
472.651834
-212.481989
196.035648
286.482358
-220.019214
366.376951
354.31739
-183.840531
-14.252951
-134.848563
-70.028421
589.478834
81.469817
-158.967686
224.677106
190.75959
100.312881
145.536236
-31.58857
112.372442
386.72746
-40.633241
249.549951
103.327771
187.7447
373.160454
52.074636
272.161629
393.510964
85.992152
-39.125796
416.876363
275.930241
187.7447
336.98177
413.861473
119.909668
460.592273
164.3793
530.688473
-147.661847
76.193759
-51.93908
-221.52666
101.066604
142.521345
188.498423
-144.646957
-24.805067
96.544268
163.625577
296.280751
135.737842
-10.484338
200.557984
413.861473
-61.737473
379.190235
361.854615
139.506455
79.208649
548.777814
298.541919
-180.071918
-62.491196
-149.923015
493.756066
205.834042
177.192584
168.901636
-155.952795
161.36441
272.915351
219.401048
52.828359
-70.782144
-39.125796
345.272719
375.421622
261.609513
225.430829
52.828359
260.85579
-64.752363
49.813468
287.989803
294.773306
596.262337
186.990977
42.276243
519.382634
-112.236886
309.847757
471.898112
159.103242
190.75959
576.66555
351.302499
395.772131
182.468642
208.09521
243.520171
248.042506
263.87068
435.719428
-46.663022
777.909478
270.654183
1.575223
232.214332
768.864807
-166.504911
-89.625209
-302.928698
84.484707
79.962371
445.517821
245.781338
205.080319
445.517821
-158.967686
-40.633241
-90.378931
33.985294
-188.362866
382.958847
87.499597
166.640468
244.273893
202.819151
-5.962002
-134.094841
254.826009
85.238429
-217.758047
347.533886
67.149088
209.602655
173.423971
197.543093
264.624403
162.871855
33.231572
126.693171
133.476674
-126.557615
-213.989434
-36.864628
670.880872
-96.408712
277.437687
604.553285
378.436512
330.95199
205.080319
98.805436
427.42848
395.772131
130.461784
309.094035
29.462959
342.257828
299.295641
64.88792
182.468642
-30.834847
123.678281
-24.051344
465.868331
116.141055
155.334629
175.685139
201.311706
-125.803892
-268.257459
398.787022
-91.886376
-225.295272
9.866172
591.740001
415.368918
34.739017
104.835216
-265.996292
328.690822
-176.303305
-106.207105
158.349519
814.841884
-158.967686
538.225698
-103.192215
-16.514119
269.900461
211.1101
-128.818783
435.719428
156.088352
-406.942414
62.626752
652.037808
590.232556
127.446894
325.675932
-152.937905
-15.006673
-198.16126
27.955514
-36.110906
172.670248
-189.870311
-29.327402
709.320723
213.371268
454.562492
173.423971
321.907319
222.415939
407.831693
287.23608
-32.342293
-2.19339
407.831693
330.198267
271.407906
278.191409
303.064254
330.95199
354.31739
290.25097
315.123816
188.498423
244.273893
-119.774112
306.832867
385.220015
286.482358
440.241763
235.982945
-67.767254
423.659867
313.61637
134.230397
342.257828
128.954339
325.675932
330.198267
42.276243
62.626752
128.200616
-57.215138
332.459435
642.239414
-78.31937
122.924558
102.574049
337.735493
208.09521
180.207474
485.465118
470.390666
416.876363
177.946306
84.484707
209.602655
215.632435
-95.654989
16.649675
324.168486
-147.661847
62.626752
22.679456
-57.96886
337.735493
269.146738
95.790546
367.130673
486.218841
660.328756
-32.342293
208.09521
322.661041
170.409081
440.241763
300.803087
458.331105
315.123816
115.387333
4.590114
458.331105
612.844234
211.863822
773.387143
501.293292
276.683964
238.997835
327.183377
600.784672
248.796229
383.71257
701.783498
572.896937
145.536236
-123.542724
269.900461
643.746859
-155.199073
116.141055
-168.012357
725.90262
63.380475
-244.138337
269.146738
816.349329
485.465118
126.693171
355.824835
851.774291
710.828169
260.102067
306.832867
552.546427
353.563667
27.201791
390.496073
823.132833
554.053873
521.643802
-14.252951
28.709236
-38.372073
465.114608
505.061905
267.639293
230.706887
272.915351
-29.327402
142.521345
606.814453
61.119307
18.15712
-172.534692
85.992152
391.249796
-4.454557
421.398699
147.043681
492.248621
105.588939
297.788196
-206.452208
-69.274699
291.758416
218.647326
-38.372073
24.940623
-207.959653
120.663391
91.26821
-37.618351
134.98412
151.566016
144.782513
312.108925
309.847757
190.005868
165.133023
60.365584
124.432003
-100.931047
174.931416
86.745875
358.086002
24.186901
-42.894409
-83.595428
121.417113
-185.347976
67.90281
261.609513
162.871855
-100.177325
216.386158
-246.399505
-493.62051
513.352853
-85.856596
-293.884027
37.753907
-241.877169
432.704538
4.590114
-200.422427
-85.856596
-109.221996
-423.52431
372.406731
-367.74884
134.230397
-499.650291
-446.88971
291.758416
269.146738
171.162803
-210.220821
-41.386964
-101.68477
76.947481
548.777814
70.163978
-266.750014
431.950815
419.137531
272.161629
-40.633241
-198.16126
-154.44535
-88.117763
-179.318195
-565.224155
41.52252
58.104417
-213.989434
-113.744331
-265.242569
-105.453383
-95.654989
-609.693787
197.543093
-131.833673
-131.07995
289.497248
-72.289589
-287.100524
131.969229
183.976087
-5.962002
-96.408712
-39.125796
-57.96886
-173.288415
138.752732
460.592273
-54.95397
-102.438492
-373.77862
-48.924189
194.528203
-312.727091
-109.221996
23.433178
162.871855
370.899286
-2.19339
208.848932
352.056222
101.820326
102.574049
325.675932
-102.438492
327.183377
-42.894409
116.141055
474.913002
-84.34915
41.52252
-284.085633
290.25097
98.051713
405.570525
-31.58857
294.773306
565.359711
-127.311337
-232.832498
266.885571
-1.439667
367.884396
3.836391
477.17417
-211.728266
273.669074
569.128324
286.482358
118.402223
319.646151
335.474325
389.742351
-74.550757
299.295641
-129.572505
-275.040963
166.640468
223.923384
419.137531
82.223539
-23.297622
-70.782144
-106.207105
113.126165
325.675932
143.275068
520.890079
382.205125
465.868331
117.6485
526.166137
59.611862
-37.618351
807.304659
196.789371
346.026441
170.409081
57.350694
830.670058
303.064254
245.781338
204.326597
-22.543899
510.337963
380.69768
125.185726
-510.956129
358.086002
326.429654
517.875189
-39.879518
143.275068
621.888904
309.094035
502.047015
303.817977
238.244113
189.252145
589.478834
215.632435
396.525854
323.414764
-63.998641
34.739017
850.266845
400.294467
549.531537
485.465118
678.418098
489.233731
452.301325
504.308182
173.423971
330.95199
82.977262
522.397524
407.831693
532.94964
391.249796
-4.454557
109.357552
279.698854
183.222364
379.190235
530.688473
545.009202
668.619704
255.579732
817.103052
-25.558789
513.352853
328.690822
578.172995
162.118132
149.304849
471.898112
474.159279
486.218841
786.200426
388.234906
190.005868