212.617545
564.605989
286.482358
511.845408
387.481183
209.602655
486.218841
459.084828
260.85579
385.973738
456.069937
397.279576
710.074446
339.242938
195.281926
58.104417
128.200616
365.623228
640.731969
264.624403
344.518996
529.93475
153.073461
487.726286
493.756066
357.33228
563.098543
527.673582
-88.117763
288.743525
592.493724
376.175344
661.836201
609.075621
501.293292
242.012726
337.735493
272.915351
489.987453
91.26821
306.079145
409.339138
454.562492
260.102067
199.050539
142.521345
31.724126
532.94964
306.079145
444.764099
65.641642
52.074636
46.044855
366.376951
612.844234
430.44337
419.891254
442.502931
363.36206
-101.68477
352.809944
70.9177
8.358727
645.254304
484.711395
407.831693
240.50528
281.960022
400.294467
282.713745
192.267035
-153.691628
226.938274
-282.578188
666.358537
713.089336
251.057396
396.525854
551.792705
14.388507
57.350694
25.694346
1156.278212
322.661041
111.61872
594.754892
-214.743156
158.349519
433.45826
486.218841
410.846583
756.805246
330.198267
239.751558
339.996661
593.247447
160.610687
437.226873
416.122641
496.770957
241.259003
481.696505
324.168486
186.990977
368.638119
548.024092
209.602655
573.65066
406.324247
697.261162
263.116958
404.816802
34.739017
399.540744
878.154581
475.666724
894.736477
67.149088
251.811119
322.661041
40.768797
684.447878
228.445719
698.014885
358.086002
284.22119
476.420447
782.431813
573.65066
485.465118
693.492549
257.8409
496.770957
452.301325
839.714729
481.696505
402.555634
95.036823
488.480008
554.053873
567.620879
615.105401
436.47315
603.04584
661.836201
413.861473
811.826994
733.439846
473.405557
566.113434
601.538395
724.395175
296.280751
355.071112
398.033299
637.717079
749.26802
458.331105
652.79153
766.603639
725.90262
568.374602
733.439846
647.515472
366.376951
750.021743
835.192394
812.580717
875.13969
1059.801722
715.350504
688.216491
882.676916
925.639103
716.857949
691.985104
471.898112
935.437497
741.730794
841.222174
442.502931
875.893413
969.355013
937.698664
779.416923
625.657517
669.373427
1681.622848
923.377935
700.276053
883.430639
700.276053
645.254304
955.034284
1012.3172
853.281736
508.076795
1213.561128
1236.926528
780.170646
732.686123
622.642627
1042.466103
880.415749
1115.577193
990.459245
959.556619
718.365394
964.832677
1039.451212
1154.770767
1353.753527
1295.716889
676.15693
1059.801722
887.952974
1064.324057
506.56935
698.768607
436.47315
576.66555
570.635769
753.790356
1210.546237
998.750193
658.067588
839.714729
1068.846393
487.726286
1130.651644
1239.187695
1346.216301
1041.71238
734.947291
754.544078
1230.143024
1103.517631
728.163788
838.207284
818.610497
1023.623038
748.514297
1129.144199
1545.952784
1205.270179
1465.304469
815.595607
783.185536
883.430639
778.663201
928.653993
663.343646
811.073271
708.567001
1094.47296
1334.15674
1116.330915
985.936909
774.894588
477.17417
848.7594
951.265671
1138.18887
624.150072
963.325232
1004.779974
1732.122261
1093.719238
1152.509599
881.169471
835.192394
1432.140675
1468.319359
523.904969
595.508614
921.116768
734.947291
483.20395
953.526839
862.326407
465.114608
832.177504
765.849917
691.985104
804.289768
1190.94945
963.325232
722.134007
864.587574
1081.659677
589.478834
617.366569
376.929067
1056.033109
655.052698
1127.636754
998.750193
1178.136167
728.91751
1090.704348
1021.36187
1331.895572
884.938084
748.514297
666.358537
328.690822
688.970214
979.153406
640.731969
538.979421
988.198077
815.595607
781.678091
1129.897922
709.320723
186.237255
671.634595
690.477659
628.672408
553.30015
896.997645
687.462769
688.970214
1129.144199
1218.083463
973.877348
782.431813
952.773116
898.50509
852.528013
878.908303
534.457086
777.909478
613.597956
697.261162
448.532712
808.812104
938.452387
1175.121276
1288.179663
715.350504
1189.442005
358.086002
804.289768
691.985104
1021.36187
952.773116
906.042316
723.641452
623.39635
976.138516
518.628911
715.350504
1221.098353
1053.771941
890.214142
958.802897
1374.857759
876.647136
438.734318
1076.383619
1242.956308
1048.495883
586.463943
955.788006
878.154581
1004.026251
1164.56916
1159.293102
582.69533
1383.148708
811.826994
897.751368
1248.986089
1181.151057
1185.673392
862.326407
1242.956308
447.025267
1109.547412
805.797213
1300.239224
1462.289578
586.463943
701.783498
885.691807
707.813278
1212.807405
1046.988438
1043.973548
739.469627
603.04584
883.430639
728.91751
646.76175
865.341297
612.844234
1276.873824
411.600305
1033.421432
1055.279386
1095.226683
821.625387
750.021743
1232.404192
1097.487851
804.289768
1140.450038
717.611672
980.660851
564.605989
852.528013
276.683964
801.274878
798.259988
998.750193
268.393016
177.946306
1258.784482
1305.515282
1288.933385
948.25078
796.752542
1050.757051
1105.025077
451.547602
939.959832
848.005678
710.828169
477.17417
1123.114418
872.878523
939.20611
939.20611
1216.576018
1387.671043
1011.563477
1209.792515
627.918685
982.168296
1365.059366
1049.249606
480.942783
440.241763
877.400858
1274.612656
1282.903605
565.359711
767.357362
752.28291
1380.88754
1063.570335
872.878523
1080.905954
542.748034
985.183187
516.367744
932.422606
1311.545063
1095.980406
838.207284
814.841884
1163.815438
1422.342282
1450.230017
1069.600115
1333.403017
748.514297
1098.995296
1390.685933
1066.585225
725.148898
981.414574
1283.657327
1064.324057
1208.28507
1291.194553
1515.803881
1053.018219
1276.120102
1101.256464
1600.22081
1288.933385
1267.075431
1010.056032
1156.278212
1188.688283
1281.39616
1114.82347
1472.841694
1025.130483
802.0286
958.802897
1327.373237
1081.659677
1019.854425
1336.417908
1180.397334
1192.456896
1290.440831
1166.830328
1730.614816
1793.927512
955.788006
1927.336408
1206.023902
1211.29996
1378.626372
1304.76156
1851.964151
1387.671043
1156.278212
2039.641072
1193.210618
1270.844044
1558.012346
1300.239224
1761.517441
1551.228842
1724.585035
1271.597766
1359.783308
1611.526649
1521.079939
1882.866776
1314.559953
1215.068573
1258.784482
1515.803881
2014.768227
1567.057016
1746.44299
1705.741971
1701.219635
2534.083083
1592.683584
2014.014505
1760.763719
2273.295071
2665.230812
1646.95161
2273.295071
2005.723556
2450.419877
1992.15655
2316.257258
1971.80604
2154.960627
2157.221795
2345.652439
2527.29958
2484.337393
2312.488645
2042.655963
2280.832297
2063.006472
2506.94907
2807.684379
2405.196522
2381.831123
2632.820741
2188.12442
2547.65009
2521.269799
2122.550556
2366.756671
2497.150677
2555.941038
3136.307422
2840.848172
2802.408321
2726.28234
2929.787436
2926.772546
3269.716319
3100.882461
2861.952404
2647.14147
3342.073686
3020.987868
2635.081909
2739.095624
2770.751972
2991.592688
2454.942213
3116.710635
2964.458675
2584.582496
2632.067018
2927.526269
2937.324662
2867.982185
2939.58583
2870.997075
2949.384223
3061.688887
2966.719843
3003.652249
2898.884811
3050.383049
3377.498647
3219.970629
3139.322313
3021.741591
3331.52157
3139.322313
3035.308597
2752.662631
3006.667139
3063.950055
3490.557034
3507.892653
3138.56859
3076.009616
3108.419687
3255.39559
3443.826234
3398.602879
3308.909893
3320.215731
3495.833092
3173.239829
3596.078195
3505.631485
3735.516871
3663.913227
3525.228272
3398.602879
4024.192619
3170.978661
3181.530777
3680.495123
3370.715144
4216.391876
3783.755116
3319.462009
3529.750608
3495.833092
3932.992187
3581.003743
4177.952024
3636.025491
4128.960057
3770.941833
3645.070162
3495.079369
4134.989837
4015.147948
4237.496108
4627.924403
4134.236115
4262.368953
4465.874049
4009.87189
4567.626597
4061.878747
4372.412449
3852.343871
4687.468487
4024.946341
4566.119152
4248.048224
4423.665585
4694.25199
4458.336823
4523.156965
4433.463978
4479.441055
4594.006887
4413.113468
5157.791375
5117.844078
4832.183221
5077.143059
5171.358381
5004.031969
5024.382479
4698.774325
4808.064099
4830.675776
5083.926562
4973.883066
5128.396194
5135.93342
4738.721622
5273.110929
5098.247291
5022.121311
5688.412069
5368.833697
4985.942627
5369.587419
5671.07645
5536.913831
5042.471821
5374.863477
5950.707526
5591.935579
5358.28158
5584.398354
5441.944787
5432.146393
4980.666569
5530.884051
5093.724956
5876.842714
6093.161093
6126.324887
5843.67892
6218.279041
6546.902085
5502.996315
6019.296281
6025.326061
6595.894052
5852.723591
6062.258468
6004.221829
6335.106041
6656.945581
5616.808424
5832.373082
6537.103691
6069.041971
6600.416388
6516.753182
5945.431468
6549.163253
6357.717718
6421.784137
6294.405021
7126.514747
7282.53532
6929.039432
6724.780613
6873.263961
6766.989077
6999.889354
6878.540019
6671.26631
7144.604089
7146.111534
7805.618789
7529.002603
7512.420706
7628.493983
7998.571769
8173.435407
8062.638188
7751.350763
7814.66346
7877.222434
8823.897991
8710.085882
8392.768677
8385.985174
9200.75928
9362.809634
9450.995175
9380.145253
9557.270059
9304.019273
8718.37683
8876.658571
9577.620568
9604.000859
10215.26987
9964.28025
9878.355877
10046.43601
10105.9801
10483.59511
10767.74852
10610.2205
10886.08296
10955.42544
10994.61901
10580.0716
11179.28105
11052.65565
11169.48265
11137.8263
10909.44836
11385.04731
11374.49519
11232.04163
11343.59257
11969.18231
11884.76538
11966.16742
11905.11589
11947.32435
12440.25892
12222.43309
12664.11452
12552.56358
12413.87863
13325.12922
12745.51656
13111.82573
13656.76716
13662.04322
13588.93213
13980.11414
13260.30908
13462.30673
13753.99737
13867.05576
14101.46348
14580.83104
14421.79557
14678.06125
14792.62708
14522.04068
14372.80361
14549.17469
14242.4096
13611.5438
10015.53339
11244.85491
15561.42411
15497.35769
15115.97407
13380.90469
15386.56047
15176.27187
15458.91784
16974.65394
15988.03109
15751.3622
16381.47427
17242.22546
16976.91511
16764.36534
17032.69058
17236.19568
16988.22095
16344.54187
16982.94489
16627.94156
16220.93137
16890.23701
16744.76856
16908.32636
17216.59889
16208.8718
16648.29207
16667.13513
17154.03992
17501.50602
17465.32734
17007.81774
17125.39846
17992.17942
17391.46253
18571.03836
17426.88749
18174.58029
17867.8152
17918.31461
17983.88847
17254.28502
17334.17961
17221.12123
17421.61143
17298.75465
17889.67315
17236.9494
17161.57714
17110.32401
17215.09144
17307.79932
17472.11084
17901.73271
17757.01798
17673.35477
17779.62966
17744.20469
17858.77053
17845.95724
18167.79678
17931.88162
18471.54698
17923.59067
17915.29972
18595.15748
18067.55168
18370.54816
18039.66394
17887.41198
17688.42922
18075.84263
17942.43373
17865.55403
18113.52876
18073.58146
18342.66042
18095.43942
18430.09224
18432.35341
18203.22174
18168.55051
18383.36144
18315.52641
18491.89749
18909.4598
18667.51485
18768.51368
17998.2092
18550.68785
17834.6514
18376.57794
18470.03954
18733.84244
18780.57324
18605.7096
18686.35792
19268.23175
18639.62712
18955.43688
18776.80463
18924.53425
18521.29267
19309.68649
18746.65572
18786.60302
19296.11948
19637.55581
18830.31893
18732.33499
18950.91454
18464.76348
18716.50682
18465.5172
17963.53796
19247.12751
18331.35458
19091.86066
18732.33499
18442.90552
18886.0944
18520.53895
18757.96156
18498.68099
18898.90768
18893.63162
18266.53444
18635.8585
18307.98918
18570.28464
18439.89063
18755.70039
18967.49644
18650.93295
18347.93648
18708.96959
19106.93511
18469.28581
18574.05325
18737.61105
18926.79542
19299.88809
18862.729
18619.27661
19407.67042
18469.28581
19109.95
18887.60184
18942.62359
19071.51015
19008.19746
19011.21235
18843.88593
19505.65436
19125.77818
19165.72548
19140.85263
19402.39436
19796.59127
18822.02798
19601.37712
19402.39436
18708.96959
19490.57991
19330.79072
19054.92826
19228.28445
19764.93492
18841.62477
19157.43453
19914.92572
19030.05541
18794.14024
19365.46196
19379.02896
19117.48723
20007.63359
19407.67042
19412.94648
19287.82853
19171.00153
19311.19393
19406.16298
19662.42865
19291.59715
19807.89711
19347.37262
19627.75741
19706.89829
19426.51349
18895.89279
19320.2386
19016.4884
19175.52387
19232.80678
19745.33814
19531.28093
19099.39789
19045.12986
18641.13456
19103.92022
19715.94296
20038.53622
19929.24645
18866.49761
19639.81698
19602.88457
19338.32795
19428.02093
20020.44688
20069.43885
19429.52838
19066.23409
19491.33363
19971.45491
20135.01271
19100.15161
19391.08853
19605.14574
18960.71293
19091.86066
18889.10929
18795.64769
19672.22705
19145.37497
19985.02192
19216.22489
18939.6087
20169.68395
20053.61067
19737.80091
19302.90298
19815.43434
19238.08284
20102.60264
19641.32442
19808.65083
19620.97391
19216.22489
19249.38868
19920.9555
19543.34049
19971.45491
19292.35087
19902.86616
19530.5272
19421.99115
19875.73214
19402.39436
19418.97626
19616.45158
19890.05287
19589.31756
19425.00604
19547.1091
19656.39887
19562.93727
19538.81815
19262.95569
20023.46177
20242.79504
19705.39084
19501.13202
19634.54092
19956.38046
19379.02896
19305.91787
19645.84676
19412.19276
19791.31521
19604.39202
19003.67512
19344.35773
19609.66807
18904.18374
18871.77367
19102.41278
18514.50917
19405.40925
18913.22841
19153.66591
19290.0897
19250.1424
19181.55365
19143.1138
18944.13104
18718.01426
18946.39221
18754.19295
18766.25251
18835.59499
19086.5846
18754.94667
18457.97997
18801.67747
18440.64436
18945.63848
18485.86771
18485.86771
18602.69471
18208.4978
18572.54581
18197.19196
18406.72684
18430.09224
18651.68668
18426.32363
18333.61575
18640.38084
18508.47939
18418.7864
18084.8873
18594.40376
18243.92276
18794.14024
18793.38652
17921.3295
18132.37182
17484.17041
18345.67531
17718.57813
18441.39808
18742.88711
18333.61575
17486.43157
17756.26426
18806.19981
18056.24584
18209.25152
18311.00407
18072.82774
18154.22978
17564.065
18068.3054
17853.49447
17885.15082
17824.85301
17956.00074
17818.06951
17288.20253
17667.32499
17841.43491
17600.9974
17642.45215
17725.36163
17919.06833
17520.34909
17803.74878
17817.31578
17763.04776
17733.65258
17815.80834
17737.42119
17511.30442
17941.68001
17504.52091
16838.98388
17860.27797
17794.70411
16808.08125
16826.1706
16600.05382
17220.3675
16661.10535
16346.80304
17021.38474
16199.07341
16621.15805
16184.75268
16420.66785
16563.87514
16003.85926
16942.99759
16786.97702
16921.89336
16714.61965
17064.34693
17166.8532
16662.6128
16395.795
16606.0836
16673.91863
15874.9727
15743.82497
16153.09633
15976.72525
16528.45018
15960.14335
16000.84437
16453.07792
15972.20291
16474.18215
16102.59692
15999.33693
15918.68861
16370.16844
16456.09281
16609.09849
16350.57165
15935.27051
16336.25092
15748.34731
16177.21546
16418.40668
15781.5111
15833.51796
15953.35985
15751.3622
16195.3048
16464.38376
16160.63356
16189.27502
15955.62102
16324.19136
16941.49015
16823.1557
16410.11573
16025.71722
16330.97486
16507.34594
16009.88904
16323.43764
15887.78599
16124.45488
15893.81577
15767.9441
15828.99563
15480.77579
15167.2272
14791.87336
14916.23758
15162.70487
15430.27638
14583.0922
14855.93978
15425.75405
14955.43116
15312.69566
15176.27187
15398.62003
15291.59143
15173.25698
15452.13434
14956.18488
15152.90647
15379.02325
15120.4964
15256.16647
15578.75973
15167.2272
14105.98581
14650.17351
14948.64765
15078.28794
14122.56771
14499.429
14702.93409
14461.74287
14321.55047
13999.71093
14130.85866
14330.59514
14055.4864
13938.6594
14490.38433
14078.8518
14401.44506
13925.09239
14026.09122
13879.11532
13897.20466
14075.08319
13915.294
13744.9527
14171.55968
14473.04871
14148.19428
13845.95152
13761.5346
13932.62962
14258.9915
15027.78853
13943.93546
14130.10494
13784.9
13952.22641
14620.02461
14457.97426
13942.42801
13487.9333
13714.8038
13678.62511
13478.88863
13777.36277
12886.46268
12943.7456
13001.78224
13599.48424
13083.938
13405.02382
13130.6688
13031.93114
12380.71483
12470.40782
12840.48561
12587.98854
12866.8659
12674.66664
12756.8224
12707.83043
12826.16488
12502.06417
12781.69525
12967.86472
13710.28146
12976.15567
12428.19936
12641.50285
12873.6494
13065.84866
12322.6782
12555.57847
12373.17761
12490.75833
12457.59454
12252.582
12733.457
12371.67016
12292.52929
12427.44563
11825.22129
12520.15351
12715.36766
12670.89803
11842.55691
12645.27146
12412.37118
12303.08141
11670.70817
12352.07338
11928.48129
12489.25089
12055.8604
12149.322
12633.2119
11724.22247
12104.85237
11734.77459
12270.67134
12076.96464
12297.05163
12215.64959
12576.6827
12196.0528
12015.91311
11605.1343
11309.67505
12019.68172
12092.03909
11614.17897
11429.51694
11507.15037
11807.13195
12312.12608
11431.02439
11314.95111
11572.72423
11396.35315
11127.27419
11307.41388
11348.1149
11628.4997
11415.19621
11440.06906
11238.82513
11548.60511
11266.71286
11246.36236
11598.3508
11145.36353
12139.52361
11405.39782
11156.66937
11563.67956
11039.84237
11489.06102
11356.40585
11582.52262
11660.15605
11323.99578
11029.29025
11008.93974
10886.83669
11210.93739
11268.22031
11207.9225
11614.17897
11345.85374
10901.15741
10351.69366
10441.38664
10872.51596
10467.76693
10133.11411
10354.70855
10449.67759
9937.146238
10610.2205
10117.28593
10521.28124
10345.66388
10405.96168
10013.27222
10473.79671
10028.34667
9762.2826
10580.82532
9963.526528
10154.21834
10229.5906
10583.08649
10102.21148
10167.03162
10063.77163
10320.79103
10833.32238
9999.705212
10301.19424
9814.289458
9646.209323
10508.46795
10321.54475
10046.43601
10432.34197
10414.25263
9949.959522
9709.522019
10116.53221
10439.12547
9769.819826
9497.725975
9710.275742
10380.33511
10573.28809
10044.17484
9725.350193
10298.17935
9591.187575
9578.374291
9582.142904
9793.938948
9974.078644
9346.227737
9880.617044
9952.220689
9227.13957
9908.50478
9420.09255
9709.522019
9972.571199
9793.938948
9275.377815
9659.776329
9104.28279
8894.747913
9181.916215
9356.779853
9683.141729
9407.279266
9017.604693
9430.644666
8976.149952
9283.668763
8846.509668
8652.802966
8618.131727
8828.420326
8884.195797
8666.369972
8994.993016
8882.688352
9134.431693
9216.587454
9401.249485
8447.790425
9530.136046
8180.972633
8786.965585
8514.871734
8285.740071
8199.061974
7379.765533
8138.764168
7988.019653
7908.878782
8150.070007
7433.279836
8080.72753
7697.83646
7265.199701
7577.240848
7595.33019
8018.168556
7565.181287
6919.241038
7547.845668
7045.112708
7345.848017
7391.071371
6764.72791
7476.995745
7184.551385
6771.511413
7155.909927
6826.533161
6871.002793
7344.340572
6789.600755
6846.129948
6699.907768
6874.771406
6815.227322
6418.015524
7156.66365
6793.369368
6968.233006
7028.530812
7174.752992
6828.040606
6690.863097
6785.832142
6955.419722
7131.790805
6864.973013
7198.118392
7208.670508
6491.126614
6968.986728
7161.185985
7286.303933
7498.099977
6918.487316
6728.549226
7697.83646
6621.52062
6777.541194
7373.735752
7545.5845
6779.802361
7201.887005
7579.502016
7108.425405
6869.495348
7744.56726
7854.610757
7368.459694
7412.175604
7066.216941
7563.673842
7387.302759
7451.369178
7574.97968
8333.978316
8070.175414
7375.99692
7682.762009
7141.589198
7722.709306
7846.319808
7706.881131
7278.012985
7098.627011
7111.440295
6968.986728
7434.787281
6818.242213
6934.31549
7138.574308
7417.451662
7023.254754
6500.171285
6457.209098
6577.804711
6376.560782
6239.383273
6344.150712
6485.850556
6529.566466
6224.308822
6283.099183
6258.98006
5646.203605
5912.267675
5860.260817
6444.395814
5398.228877
5705.747689
5859.507094
5117.844078
5916.036288
5337.931071
5184.171665
5506.764928
5270.849761
5471.339967
5485.660696
5150.254149
4907.555479
5144.224368
5359.035303
5180.403052
5258.036478
5109.55313
5010.06175
4802.034318
5180.403052
5026.643646
5050.009046
5051.516491
4851.780008
4675.408925
5353.759245
5546.712225
5075.635614
5389.184206
5322.102897
5386.169316
5329.640122
5261.051368
5397.475154
5724.590753
5434.407561
5704.993966
5873.074101
6011.005332
6064.519635
5928.849571
5784.888559
5515.055877
5793.179508
6057.736132
5968.043145
5747.956153
5640.927547
5770.56783
5723.083308
5947.692636
5530.130328
5603.241418
6229.58488
5680.874844
5551.23456
6222.801377
6203.958312
5787.149727
5689.165792
5657.509444
6158.734958
6160.242403
6154.966345
6398.418737
5921.312346
5757.000824
6047.184016
5987.639933
5869.305488
5778.858779
5785.642282
6086.37759
5894.178333
6115.772771
5965.781978
6144.414229
6118.033938
5937.14052
6096.175984
6562.730259
5851.969869
5986.132487
6336.613486
5498.47398
5593.443025
5714.79236
6240.890718
5827.097024
5944.677746
6234.107215
6210.741815
6216.771596
6164.764738
6447.410705
5896.439501
6034.370732
5919.051178
6273.300789
6043.415403
5980.856429
6615.490839
6099.944597
6095.422261
6381.083118
6853.667174
6047.184016
6731.564116
6248.427944
6148.936564
6341.135821
6084.870145
5978.595262
6471.529827
6056.228687
5708.008856
6033.61701
6349.42677
6503.186175
6635.841349
6007.23672
6583.080769
6158.734958
6719.504555
5913.021397
6161.749848
5952.214971
5882.872494
6261.241228
5885.887385
5446.467122
5324.364064
5757.000824
6119.541384
5834.634249
5319.841729
5577.61485
5216.581736
5718.560972
5892.670888
5349.23691
5853.477314
5771.321553
5629.621708
6204.712035
6102.205764
5662.785502
5886.641107
6265.763564
6302.69597
5995.930881
6062.258468
5721.575863
5662.031779
6118.787661
5936.386797
6352.44166
5555.003173
5776.597611
5882.118772
5934.879352
5900.208114
5753.985934
6151.197732
6255.96517
6047.184016
5959.752197
6260.487505
5916.79001
5913.021397
6012.512778
6197.928532
6374.299615
5864.783152
5786.396004
6938.837825
5800.716733
5664.292947
6323.046479
5933.371907
6479.067053
6150.444009
5629.621708
5912.267675
5163.821155
5147.239259
5334.916181
5749.463598
5579.122296
5540.682444
5567.062734
5784.888559
5943.924023
5775.843888
5805.239069
6085.623868
5428.37778
5868.551765
5903.976726
5649.972218
5270.096039
5718.560972
5507.518651
4775.654028
5207.537065
4633.954184
5857.245927
5393.706542
5153.269039
5277.633265
5278.386987
5408.780993
5714.79236
5322.856619
5483.399528
5155.530207
5600.98025
5687.658347
5631.882876
5532.391496
5628.114263
5708.008856
5376.370922
5861.01454
5609.271199
5515.809599
5822.574688
5845.940088
5459.280406
5277.633265
5632.636599
5187.186555
5691.42696
5469.832522
5440.437341
5784.134837
5775.090166
5469.832522
5588.920689
5719.314695
5217.335458
5435.915006
5197.738671
5406.519825
5457.772961
5243.715749
5317.580561
5265.573703
5354.512968
5910.006507
5502.242593
5130.657362
5796.194398
5347.729464
5209.04451
5314.565671
5831.619359
5244.469471
5571.58507
5756.247101
5486.414419
5254.267865
5297.983774
5273.110929
5018.352698
5203.768452
5322.102897
5328.132677
5352.2518
5701.225353
5639.420102
5145.731814
5375.6172
5515.809599
5629.621708
5437.422451
5313.058226
5088.448898
5903.976726
5639.420102
5518.824489
5579.122296
5353.005522
4783.944977
5288.939103
5743.433817
5632.636599
5569.323902
5617.562147
5073.374446
4897.757086
4880.421466
5168.343491
5029.658537
5040.210653
4939.96555
4925.644821
4848.765118
4993.479853
5309.289613
4318.898146
4433.463978
5234.671078
5391.445374
5228.641297
4784.698699
4639.983964
5466.817632
4820.12366
4453.814488
5004.031969
4474.164997
4930.920879
4994.233576
4988.203795
4968.607008
4774.900306
4422.911862
4590.238274
4003.842109
4638.476519
4147.803121
4233.727495
4276.689682
4200.563702
4030.222399
4211.115818
4639.230242
4329.450262
4517.880907
4915.846428
4434.217701
4762.840744
4689.729654
4972.375621
4594.006887
4338.494933
4208.100927
4245.033334
4483.963391
4598.529222
4420.650694
4350.554495
4664.856809
4584.208494
4797.511983
4465.120326
4492.254339
4812.586434
4499.791565
4603.805281
4447.030984
4587.977106
4126.698889
4168.153631
4197.548811
4173.429689
4070.169696
4590.991997
4436.478868
4584.962216
4701.789216
3994.797438
4030.976122
4153.079179
4453.814488
4520.142074
4321.913037
3725.718478
3997.812328
3607.384033
4104.087212
4010.625612
3960.879922
4075.445754
3581.003743
4157.601515
4132.72867
4052.834076
3659.390891
3715.920084
3866.6646
4243.525889
3547.086227
3961.633645
3769.434387
4022.685173
3804.105626
3776.217891
3552.362285
3889.276277
3338.305073
3522.213382
3550.85484
3535.780388
3527.48944
3265.947706
3662.405781
3468.699079
3367.700254
3651.099943
3771.695555
3605.876588
3878.724161
4018.162838
3741.546652
3439.303899
4028.714954
3865.910877
4260.107785
4153.832902
3457.39324
3693.308407
4289.502966
3994.797438
4147.049399
4370.905004
3581.757466
3928.469851
3688.786072
4393.516681
3844.052923
3720.44242
3656.376001
3816.91891
3844.052923
3282.529602
3390.311931
3375.991202
3777.725336
3377.498647
3363.931641
3112.942023
2705.931831
3259.917925
3144.598371
2472.277832
2908.683204
2633.574463
2491.874619
2615.485122
2485.091116
2613.977676
2617.746289
2284.60091
2314.749813
2809.191824
2267.265291
2512.225128
2773.766863
2697.640882
3115.20319
2737.588179
2648.648915
1979.343266
2274.802517
2377.308787
1894.172615
1671.070732
2495.643232
1740.413209
2116.520775
1816.53919
2488.859729
2183.602085
1707.249416
1934.119912
2044.91713
1919.799183
2241.638723
2579.306438
1739.659487
2369.017839
2506.94907
2591.365999
1920.552905
2879.288024
2411.226303
2420.270974
2110.490995
2227.317994
2431.576813
2050.193189
2854.415179
2528.807025
2014.768227
2397.659297
2687.842489
2346.406161
2000.447498
2153.453182
2158.72924
2213.750988
2559.709651
2534.083083
1735.137151
2339.622658
2387.860903
2583.075051
2473.785277
3204.142454
2665.230812
2268.772736
2751.908908
3033.047429
2576.291548
2544.635199
2831.049779
2965.212397
2956.921449
2722.513728
2578.552715
2757.184966
2269.526459
2730.050953
2803.162043
2616.992567
3248.612086
2582.321328
2955.414004
2856.676346
2583.075051
2822.005108
2376.555065
2456.449658
3082.793119
3115.956913
2607.947896
2901.145978
2500.165567
2527.29958
2577.798993
2191.13931
2698.394605
2677.290373
2569.508044
2313.242368
2357.712
2272.541349
2191.893033
2335.854045
2713.469057
2607.194173
2651.663805
2105.214937
2081.849537
2721.006282
2543.881477
1606.25059
1979.343266
1395.208269
2240.885001
1938.642247
2004.969834
2057.730414
2208.47493
2175.311136
1486.408701
1701.219635
1598.713365
2360.72689
2020.798008
1662.779784
1559.519791
1524.09483
1475.102862
1385.409875
1778.099338
1292.701998
1400.484327
1861.762544
1905.478454
1746.44299
1530.12461
2098.431433
1466.811914
1545.952784
968.60129
1493.192204
1873.822105
1263.306818
1530.12461
1512.788991
1391.439656
1997.432608
1548.213952
1302.500392
1163.061715
1546.706507
984.429464
1391.439656
1255.015869
1588.161249
1250.493534
1216.576018
1478.117752
1150.248431
990.459245
860.818962
1172.860109
1387.671043
1575.347965
1356.768417
1584.392636
1251.247257
962.571509
1322.850901
1279.888715
1313.052508
1102.010186
1230.143024
1266.321708
1089.196902
923.377935
1203.009012
518.628911
820.117942
1507.512933
1853.471596
1228.635579
730.424956
1096.734128
824.640278
863.080129
1250.493534
1159.293102
835.946116
1106.532522
377.682789
1434.401843
1591.176139
1049.249606
1239.187695
835.192394
823.886555
968.60129
1332.649295
554.807595
1004.779974
705.552111
851.774291
1308.530172
1520.326217
950.511948
671.634595
840.468452
912.825819
1129.897922
1261.04565
817.103052
753.790356
491.494899
1091.45807
953.526839
1335.664185
673.14204
797.506265
766.603639
1206.777624
953.526839
789.215317
809.565826
440.995486
941.467277
902.273703
893.229032
782.431813
634.702188
741.730794
578.172995
519.382634
560.083653
894.736477
632.441021
701.029775
704.798388
532.195918
583.449053
905.288594
472.651834
508.830518
502.047015
645.254304
147.043681
769.61853
920.363045
496.017234
667.865982
676.15693
502.800737
710.074446
824.640278
529.181027
766.603639
684.447878
677.664375
784.692981
866.848742
1127.636754
636.963356
592.493724
453.055047
277.437687
184.72981
610.583066
502.047015
557.822485
779.416923
803.536046
48.306023
636.209633
584.202776
318.138706
347.533886
701.783498
817.856775
306.079145
584.202776
472.651834
248.796229
364.115783
-51.93908
114.63361
216.386158
640.731969
309.094035
596.262337
691.231382
435.719428
321.153596
255.579732
460.592273
-38.372073
712.335614
240.50528
447.025267
744.745685
427.42848
119.155945
297.034474
87.499597
283.467467
349.041331
-118.266666
337.735493
427.42848
37.000184
139.506455
235.229222
438.734318
146.289958
-247.153227
401.801912
-36.864628
243.520171
75.440036
504.308182
-204.944763
-330.816433
126.693171
377.682789
158.349519
370.145564
-332.323878
219.401048
-2.19339
-125.05017
19.664565
-124.296447
-125.803892
-125.803892
269.900461
-58.722583
151.566016
344.518996
-224.54155
-299.160085
13.634785
889.460419
-234.339943
-52.692802
-371.517452
-391.867962
-27.066235
188.498423
359.593448
480.18906
-148.41557
-244.138337
-63.244918
68.656533
208.848932
594.001169
117.6485
-203.437318
223.923384
-102.438492
9.866172
16.649675
-217.758047
-709.93889
-138.617176
156.842074
-175.549582
287.23608
124.432003
-153.691628
-165.751189
-207.205931
-161.228853
126.693171
-136.356008
-68.520976
-104.69966
-201.17615
226.184551
330.198267
-183.086808
-262.227679
405.570525
434.965705
-262.227679
-368.502562
-2.947112
-98.669879
-136.356008
-30.834847
-264.488846
110.864997
133.476674
-428.800368
138.752732
-188.362866
116.894778
-342.122272
-67.767254
-8.976893
27.955514
54.335804
-189.116589
-419.755697
-129.572505
-136.356008
-352.674388
-411.464749
176.438861
-199.668705
-358.704169
-191.377756
-138.617176
5.343836
-92.640099
-5.20828
-28.57368
-269.764904
-259.966511
-537.336419
-49.677912
219.401048
-220.772937
114.63361
10.619894
-63.998641
290.25097
-172.534692
67.149088
-164.243744
254.826009
318.138706
-324.786653
-426.539201
-8.976893
-220.772937
-95.654989
61.87303
420.644976
124.432003
-330.062711
-111.483163
-224.54155
55.843249
231.460609
64.88792
132.722952
20.418288
-180.071918
-253.183008
-157.46024
-483.822116
-383.577014
-278.055853
-91.132654
-208.713376
-688.834657
220.908493
24.940623
-42.894409
179.453752
-118.266666
-60.983751
-219.265492
-19.529009
12.881062
119.155945
6.097559
-91.886376
442.502931
334.720603
-5.20828
-60.983751
444.764099
-136.356008
522.397524
372.406731
279.698854
-26.312512
-193.638924
330.198267
585.710221
497.524679
-35.357183
694.246272
196.789371
70.9177
243.520171
101.066604
345.272719
16.649675
318.892428
-397.14402
301.556809
64.134197
-1058.15872
-1.439667
-24.805067
186.990977
223.169661
642.993137
-287.854246
-311.219646
208.848932
290.25097
70.163978
157.595797
46.798578
398.787022
388.988628
-534.321529
-163.490021
-152.184182
-96.408712
307.58659
-27.819957
-207.205931
229.199442
-60.983751
555.561318
-159.721408
-0.685944
40.768797
-382.069569
-371.517452
29.462959
-80.580538
-284.085633
134.230397
-195.146369
102.574049
283.467467
156.088352
-416.740807
94.2831
542.748034
-76.811925
112.372442
-58.722583
-283.331911
245.781338
-303.68242
9.112449
-57.215138
358.086002
-198.16126
266.131848
-36.864628
-198.16126
-281.824466
-224.54155
-220.019214
-562.209264
258.594622
278.945132
-7.469448
-264.488846
82.977262
-11.991783
-97.162434
-12.745506
-189.116589
141.0139
-232.078776
-895.354644
-57.215138
-633.059187
185.483532
-804.154212
-670.745316
344.518996
-320.264317
7.605004
-333.077601
-146.908124
48.306023
-225.295272
8.358727
465.868331
-149.923015
235.982945
-207.959653
-70.028421
238.244113
-119.774112
-154.44535
-235.093666
-345.137162
-364.733949
-755.915967
-317.249427
-184.594253
-120.527834
-211.728266
228.445719
172.670248
1.575223
232.968055
410.09286
-150.676737
-682.051154
326.429654
-428.800368
-436.337594
-276.548408
-269.764904
-132.587395
-138.617176
230.706887
-179.318195
-232.832498
-206.452208
-113.744331
-370.76373
-129.572505
-267.503737
-77.565647
221.662216
-125.05017
367.130673
-97.916157
7.605004
-382.823291
33.231572
615.105401
144.782513
-318.756872
470.390666
-112.990608
4.590114
-300.66753
363.36206
-78.31937
-174.042137
98.051713
-365.487672
170.409081
341.504106
25.694346
-284.085633
-53.446525
172.670248
-539.597587
-514.724742
-99.423602
-186.855421
-70.028421
-238.108556
370.899286
21.925733
-248.660672
-36.110906
43.029965
-160.475131
-44.401854
-470.25511
42.276243
69.410255
253.318564
-109.221996
119.909668
-97.916157
-156.706518
-62.491196
-207.205931
-420.50942
-238.108556
324.922209
-33.849738
-89.625209
-83.595428
-57.96886
38.50763
146.289958
86.745875
321.907319
63.380475
217.893603
-94.147544
180.207474
-81.33426
42.276243
-30.834847
-33.849738
203.572874
-24.051344
-28.57368
156.842074
-112.990608
52.074636
-246.399505
48.306023
92.775655
-245.645782
15.895952
503.55446
-40.633241
225.430829
-209.467098
208.09521
278.945132
-259.212788
15.14223
75.440036
-126.557615
156.088352
-219.265492
469.636944
38.50763
554.053873
21.925733
183.222364
-5.20828
11.373617
340.750383
-244.892059
-138.617176
235.229222
-141.632066
271.407906
178.700029
-20.282731
-119.774112
341.504106
308.340312
-138.617176
367.884396
-22.543899
-69.274699
-59.476305
-47.416744
76.193759
-46.663022
211.863822
471.898112
-93.393821
52.828359
-97.916157
-509.448684
64.134197
133.476674
-82.841705
241.259003
223.169661
-195.900092
306.832867
-180.82564
72.425146
353.563667
460.592273
161.36441
-16.514119
-710.692612
361.100893
207.341487
159.856965
266.885571
-60.983751
-236.601111
-24.051344
67.90281
-39.879518
-2.19339
153.073461
287.23608
152.319739
66.395365
-38.372073
9.112449
-289.361692
-211.728266
-136.356008
-143.893234
-81.33426
-18.021564
474.159279
-451.412046
174.931416
264.624403
85.238429
24.940623
119.909668
56.596971
-188.362866
9.112449
-51.93908
-54.200247
-15.760396
136.491565
261.609513
105.588939
-533.567807
-314.988259
-131.07995
-144.646957
89.760765
-487.590729
-127.311337
-5.20828
-61.737473
-8.976893
-310.465924
459.084828
-136.356008
61.87303
-124.296447
324.168486
-80.580538
116.894778
-296.145195
283.467467
48.306023
-0.685944
-122.035279
-239.616001
262.363235
295.527029
-135.602286
370.145564
-253.93673
-1089.061346
193.020758
-218.511769
-608.940064
-134.848563
264.624403
-283.331911
319.646151
207.341487
-48.170467
6.097559
96.544268
43.783688
94.2831
-676.775096
-398.651465
-248.660672
-252.429285
-784.557425
-486.083284
-62.491196
144.782513
-30.081125
67.90281
-106.960828
-302.928698
-52.692802
-299.913808
48.306023
-11.991783
-112.990608
-158.213963
560.837376
155.334629
198.296816
551.038982
-78.31937
-54.95397
18.15712
385.220015
-59.476305
280.452577
270.654183
-56.461415
99.559158
-161.982576
465.868331
-75.30448
232.968055
-204.19104
135.737842
-108.468273
-94.147544
196.789371
242.766448
-0.685944
404.816802
-23.297622
99.559158
-130.326228
-94.901267
62.626752
-13.499228
-250.168117
-130.326228
257.8409
144.02879
152.319739
140.260178
75.440036
634.702188
343.765273
-161.982576
-644.365025
425.921034
254.826009
-209.467098
352.809944
-334.585046
-403.927523
-8.22317
-234.339943
-234.339943
-451.412046
-33.096015
-248.660672
-106.207105
-278.809575
-434.830149
37.753907
-351.920665
-284.085633
-654.917142
-21.036454
104.835216
-69.274699
-519.247078
-279.563298
-219.265492
-333.831324
168.901636
-345.890885
82.977262
278.945132
-142.385789
108.603829
-75.30448
136.491565
-91.132654
155.334629
-161.228853
-18.775286
-275.040963
-572.761381
-242.630892
30.216681
-128.06506
-459.702994
101.820326
-277.30213
-162.736299
37.753907
76.193759
-255.444176
-447.643433
-78.31937
3.836391
-244.892059
-96.408712
-116.005499
-136.356008
-58.722583
-244.138337
-204.19104
-141.632066
-173.288415
-424.278033
-174.042137
-157.46024
-412.972194
-533.567807
-412.972194
14.388507
-103.945937
-99.423602
-684.312322
-610.447509
-408.449859
-487.590729
-102.438492
-385.084459
-780.035089
-550.149703
-251.675563
-412.218472
-312.727091
-800.385599
-267.503737
-530.552916
-91.132654
-73.043312
61.119307
-98.669879
-325.540375
-411.464749
-151.43046
-265.242569
-407.696136
-515.478465
-149.923015
37.000184
-539.597587
35.492739
-131.833673
-326.294098
-88.117763
-551.657148
-664.715535
-107.71455
-180.071918
-91.132654
-495.881678
-406.188691
-486.837007
-152.184182
-356.443001
-848.623844
-957.159895
196.035648
-181.579363
-862.19085
-544.873645
-192.131479
-489.851897
-152.184182
-296.898917
-318.003149
-45.909299
-697.879328
-546.38109
-183.840531
-660.946922
-553.918316
-382.069569
164.3793
-541.105032
52.828359
-50.431634
-269.011182
-645.118748
-213.235711
-102.438492
-432.568981
-513.217297
-129.572505
-351.920665
111.61872
-373.77862
-693.356993
-63.998641
-546.38109
278.191409
-805.661657
-354.181833
-32.342293
-130.326228
-24.051344
-133.341118
-42.140686
-220.772937
-416.740807
-321.771762
-573.515103
338.489215
-605.171451
-213.235711
-744.610128
-172.534692
-557.686929
-238.862279
211.1101
40.015075
-84.34915
-150.676737
-401.666356
29.462959
-402.420078
-57.96886
-348.905775
-240.369724
-165.751189
131.215507
-232.832498
235.229222
134.230397
-465.732775
-261.473956
-318.003149
-428.046646
-384.330736
169.655358
194.528203
-86.610318
170.409081
-483.068394
-149.169292
-360.965336
-208.713376
-261.473956
49.059746
-159.721408
-116.759221
-47.416744
103.327771
-180.071918
57.350694
-460.456717
-465.732775
21.17201
-811.691438
-220.772937
-967.712011
-757.423412
-181.579363
-89.625209
422.906144
-92.640099
-196.653814
-807.169102
-217.758047
-42.894409
-262.227679
70.9177
-3.700835
-2.947112
-471.008833
-482.314671
-248.660672
-278.055853
-452.919491
73.178868
-335.338769
-226.048995
77.701204
91.26821
196.789371
89.007042
-160.475131
-31.58857
-259.966511
577.419272
140.260178
-127.311337
-529.045471
-89.625209
-152.937905
77.701204
119.909668
128.200616
-207.205931
-316.495704
21.17201
-366.995117
-493.62051
-683.558599
-176.303305
151.566016
-342.122272
-228.310163
-214.743156
39.261352
217.13988
180.961197
632.441021
-143.893234
170.409081
-274.28724
-150.676737
-311.973369
279.698854
-112.990608
140.260178
-3.700835
-275.040963
-731.043122
52.074636
336.98177
-599.141671
-142.385789
-88.871486
-138.617176
-250.168117
-101.68477
-848.623844
-519.247078
458.331105
-34.60346
-336.846214
141.767623
-36.864628
-335.338769
-141.632066
118.402223
-67.013531
-115.251776
-182.333086
-303.68242
-223.787827
-263.735124
-234.339943
-437.091317
-417.49453
-408.449859
-270.518627
-209.467098
-232.832498
67.90281
-198.914982
-11.991783
-125.803892
-219.265492
-122.789002
-195.900092
-216.250602
-214.743156
196.035648
-38.372073
398.033299
-168.766079
-185.347976
-101.68477
-107.71455
-107.71455
314.370093
-437.091317
-363.226504
-257.705343
-149.923015
-78.31937
23.433178
-467.24022
269.900461
-721.998451
130.461784
-516.98591
-553.164594
85.238429
-331.570156
-149.169292
-537.336419
-204.944763
-274.28724
-55.707693
-55.707693
-397.897743
-62.491196
-129.572505
-174.79586
-301.421253
31.724126
29.462959
174.931416
-89.625209
-336.846214
-471.762555
-259.212788
43.029965
-296.145195
-87.364041
-164.997466
-76.058202
-649.641083
-391.114239
-244.138337
-5.962002
-637.581522
-40.633241
47.552301
-45.155576
37.000184
-265.242569
-207.205931
-307.451033
70.163978
333.213157
208.09521
-452.919491
-4.454557
-258.459066
-181.579363
40.015075
463.607163
-125.803892
-311.973369
-143.139511
33.985294
-376.79351
-577.283716
104.835216
526.91986
88.25332
-262.981401
-377.547233
-125.803892
81.469817
-298.406362
-245.645782
220.154771
-259.212788
273.669074
-9.730615
-354.181833
-215.496879
-94.901267
-245.645782
28.709236
116.141055
-553.164594
-575.022548
40.768797
-310.465924
238.244113
53.582081
-85.102873
-21.036454
-119.020389
168.901636
-39.125796
-133.341118
-375.286065
-538.090142
-211.728266
-158.213963
-229.063885
-224.54155
-57.96886
-938.316831
-575.776271
455.316215
-202.683595
173.423971
-423.52431
289.497248
38.50763
-48.170467
-118.266666
-420.50942
-149.923015
-24.051344
-195.146369
-256.951621
-183.840531
-118.266666
-197.407537
-394.882852
-186.101698
-75.30448
46.044855
-6.715725
79.208649
-209.467098
-335.338769
145.536236
-348.152053
-348.152053
-116.005499
-204.944763
190.005868
-239.616001
133.476674
-37.618351
-20.282731
-54.200247
-317.249427
-413.725917
179.453752
-83.595428
-753.654799
451.547602
162.871855
189.252145
-318.756872
-31.58857
-153.691628
101.066604
-213.235711
-190.624034
-272.026072
-164.243744
-155.952795
-311.219646
-434.076426
-557.686929
173.423971
-434.076426
-117.512944
-17.267841
-167.258634
-136.356008
-349.659498
-275.040963
268.393016
-26.312512
-410.711026
-624.014516
118.402223
-327.04782
-116.005499
-262.981401
-217.758047
-299.160085
-72.289589
-192.885202
-213.235711
-226.048995
-358.704169
-299.160085
-412.972194
71.671423
100.312881
6.097559
49.813468
-333.831324
-91.886376
-247.153227
-403.173801
-285.593079
-442.367375
-275.794685
-259.212788
-363.226504
206.587764
-184.594253
-9.730615
-504.926349
-325.540375
-220.772937
-429.554091
-212.481989
-330.062711
-235.093666
-216.250602
-354.181833
-455.180659
-184.594253
-68.520976
-162.736299
-103.192215
-275.794685
-244.138337
-297.65264
54.335804
-428.800368
-153.691628
-539.597587
322.661041
-360.211614
-207.205931
-18.021564
-399.405188
-336.846214
-70.028421
-280.317021
-565.224155
9.866172
-241.123447
-262.981401
-357.196723
-43.648131
-45.155576
-544.119923
-312.727091
-201.17615
-471.008833
-503.418903
174.931416
-159.721408
-246.399505
45.291133
49.059746
-200.422427
102.574049
-269.011182
-383.577014
-414.479639
55.843249
194.528203
-143.893234
-176.303305
-596.12678
8.358727
-382.823291
-56.461415
-264.488846
-36.864628
-49.677912
-45.155576
-445.382265
9.112449
-122.035279
196.789371
-286.346801
210.356377
21.17201
-266.750014
196.035648
-199.668705
33.231572
-329.308988
-236.601111
-146.908124
314.370093
373.914177
47.552301
141.0139
372.406731
56.596971
4.590114
295.527029
-142.385789
-68.520976
-221.52666
-247.153227
188.498423
-2.19339
-191.377756
193.020758
-44.401854
-397.897743
239.751558
51.320913
-339.861104
15.895952
-36.110906
-171.027247
56.596971
161.36441
-11.23806
-167.258634
-308.204756
-18.775286
-108.468273
-364.733949
-89.625209
-133.341118
-223.034105
-61.737473
146.289958
203.572874
119.909668
-91.886376
474.913002
-131.07995
30.970404
116.141055
413.861473
-36.110906
-78.31937
-293.884027
76.193759
158.349519
125.185726
107.850107
388.234906
-140.878344
119.155945
16.649675
-219.265492
-24.051344
204.326597
173.423971
402.555634
298.541919
-210.974543
-45.155576
254.072287
211.863822
331.705712
217.893603
106.342662
324.922209
58.858139
-460.456717
-324.786653
123.678281
69.410255
-4.454557
-514.724742
-5.20828
-140.124621
-115.251776
187.7447
-221.52666
-232.832498
-26.312512
225.430829
261.609513
-297.65264
-160.475131
116.141055
256.333454
107.096384
-115.251776
-174.79586
134.230397
-150.676737
257.8409
-117.512944
-101.68477
260.102067
-245.645782
-55.707693
-255.444176
-370.010007
301.556809
-752.147354
-104.69966
297.034474
-745.363851
-440.106207
-359.457891
-84.34915
-299.160085
-658.685754
162.118132
302.310532
-150.676737
-345.137162
238.997835
254.826009
462.099718
499.785847
-247.153227
127.446894
110.864997
-348.152053
-250.92184
-116.005499
-588.589555
159.103242
-687.327212
-607.432619
-253.93673
-293.130304
-438.598762
-271.27235
-390.360517
-277.30213
-136.356008
-302.928698
287.989803
160.610687
-251.675563
327.183377
58.858139
-131.833673
-354.181833
55.089526
-587.835832
-12.745506
-198.16126
-169.519802
-135.602286
-274.28724
-131.07995
-73.797034
-200.422427
-343.629717
-508.694962
-482.314671
-324.786653
-457.441826
-513.97102
-191.377756
-246.399505
-270.518627
-173.288415
-727.274509
-279.563298
-134.094841
-124.296447
-567.485323
50.567191
-290.869137
-376.79351
-179.318195
-546.38109
-540.35131
-481.560949
-379.054678
-643.611303
-305.943588
-367.74884
205.834042
-462.717884
-231.325053
-1.439667
-329.308988
-401.666356
-440.85993
6.851281
-172.534692
-425.785478
-385.838181
-183.840531
-137.863453
-630.044296
113.879887
58.858139
-480.053504
-288.607969
-257.705343
-691.849548
-75.30448
-155.952795
-299.160085
-461.964162
7.605004
-556.933206
-195.900092
-651.148529
-597.634226
-230.57133
-61.737473
-520.754523
-286.346801
-519.247078
-710.692612
-290.869137
-469.501387
-45.155576
-161.228853
-242.630892
-295.391472
-1199.104842
-293.130304
-114.498054
-212.481989
-560.701819
97.297991
-54.95397
-740.841515
12.881062
282.713745
-251.675563
-450.658323
-650.394806
-675.267651
-208.713376
-516.98591
155.334629
-531.306639
18.15712
-311.973369
-672.252761
-532.814084
-288.607969
-413.725917
-624.768238
-439.352484
-330.062711
-67.013531
-236.601111
-5.20828
-586.328387
-632.305464
-207.205931
378.436512
-242.630892
92.021933
363.36206
-436.337594
-747.625019
-369.256285
-213.989434
-399.405188
-259.212788
386.72746
-154.44535
-135.602286
-330.062711
-501.911458
-296.145195
-282.578188
-354.181833
-11.991783
-42.894409
-397.14402
-639.84269
-458.949271
-102.438492
-137.863453
-153.691628
-516.98591
28.709236
-164.243744
-86.610318
-620.999626
-276.548408
-11.23806
-756.669689
-484.575839
-425.785478
-247.90695
-374.532343
-470.25511
50.567191
-372.271175
-452.919491
-191.377756
-302.174975
-560.701819
-96.408712
-73.797034
-124.296447
-104.69966
-640.596413
-229.817608
-305.943588
-459.702994
-299.913808
-383.577014
-311.973369
-354.181833
-106.960828
-190.624034
-504.172626
-275.040963
-249.414395
-597.634226
-1005.39814
-905.153037
-495.127955
-843.347786
-211.728266
-637.581522
-385.084459
-386.591904
-663.961812
-202.683595
-137.863453
-269.011182
-474.777446
-7.469448
-229.817608
-62.491196
-64.752363
-256.197898
-96.408712
-419.001975
-261.473956
-722.752173
-818.474941
-521.508245
-441.613652
-199.668705
-495.881678
-101.68477
-19.529009
-856.914792
-559.948097
-253.183008
-259.966511
-92.640099
-542.612477
171.916526
-500.404013
-345.890885
63.380475
-590.850722
-235.847389
-741.595238
113.126165
-448.397155
56.596971
-203.437318
-685.819767
-699.386774
-308.958479
-67.013531
-304.436143
92.021933
9.866172
-186.855421
-553.164594
-275.040963
-129.572505
-460.456717
-331.570156
-370.76373
118.402223
183.222364
-258.459066
-362.472782
-556.179484
-480.807226
-320.264317
-375.286065
-254.690453
35.492739
-275.040963
-475.531168
135.737842
-436.337594
8.358727
-650.394806
-423.52431
-351.920665
353.563667
-109.975718
-347.39833
649.022917
21.17201
42.276243
-250.92184
-65.506086
-124.296447
-53.446525
-405.434968
-145.400679
-220.772937
-71.535867
-415.987084
-822.997276
-521.508245
-270.518627
-311.973369
-528.291749
-577.283716
-211.728266
-483.068394
-570.500213
26.448068
74.686313
-400.912633
-233.586221
-681.297432
-818.474941
275.176519
-325.540375
-496.6354
-617.231013
-462.717884
-70.782144
-351.166943
40.768797
-247.90695
32.477849
-123.542724
-125.803892
-212.481989
36.246462
97.297991
-146.154402
-415.987084
-214.743156
-199.668705
205.834042
42.276243
392.757241
-31.58857
-627.029406
196.789371
-15.760396
306.079145
-408.449859
-210.220821
336.228048
-125.803892
-46.663022
-379.054678
177.946306
-116.005499
-141.632066
-336.846214
-319.510595
-162.736299
-124.296447
153.073461
241.259003
79.208649
-232.078776
-101.68477
73.932591
-327.04782
-405.434968
-66.259809
-357.950446
-275.040963
-11.23806
-94.147544
-73.797034
-229.817608
-77.565647
140.260178
-83.595428
61.119307
99.559158
65.641642
-141.632066
24.186901
-197.407537
-186.855421
-262.981401
-311.973369
18.15712
-21.790177
-43.648131
-102.438492
-30.081125
-511.709852
315.877538
281.2063
-351.166943
-272.779795
-272.779795
-216.250602
-444.628542
107.850107
-285.593079
-134.094841
103.327771
46.044855
131.215507
-229.817608
-15.006673
-351.166943
-241.877169
-63.998641
-10.484338
-299.913808
-46.663022
-497.389123
50.567191
-522.261968
-216.250602
37.753907
-430.307813
-201.929873
-385.084459
-467.24022
-178.564473
-210.974543
-573.515103
-403.927523
-234.339943
-255.444176
-242.630892
-418.248252
-415.233362
-259.212788
-321.01804
-332.323878
-181.579363
-73.797034
-309.712201
-131.833673
-596.880503
-494.374233
65.641642
-384.330736
-506.433794
-292.376582
-448.397155
-590.097
-489.851897
-368.502562
-630.798019
-377.547233
-555.425761
-771.744141
-237.354834
21.17201
-473.27
-249.414395
-224.54155
-174.042137
-352.674388
-90.378931
-260.720234
-829.027057
-302.928698
-200.422427
-285.593079
-359.457891
-500.404013
-146.908124
-305.943588
-149.169292
8.358727
-126.557615
-654.917142
-467.993942
-391.867962
-458.949271
-436.337594
-230.57133
-598.387948
-142.385789
-866.713186
-495.127955
-148.41557
-513.97102
-283.331911
-345.137162
-562.962987
-627.783129
25.694346
507.323073
-134.848563
137.99901
-73.797034
-568.239045
-119.774112
-703.155386
-177.81075
-271.27235
-213.989434
-223.787827
-274.28724
-52.692802
-432.568981
-190.624034
-370.76373
-565.977877
-360.965336
-341.368549
-285.593079
-492.113065
-370.010007
-486.837007
-539.597587
-339.107382
-85.102873
12.127339
-26.312512
-808.676547
-391.867962
-445.382265
-320.264317
-302.928698
-520.754523
-506.433794
-565.224155
-193.638924
-314.988259
-194.392647
-218.511769
-150.676737
-207.959653
-505.680071
315.877538
-120.527834
-422.770588
-249.414395
-673.006483
-252.429285
-740.087793
-370.76373
24.186901
-108.468273
249.549951
159.103242
79.962371
-137.863453
-247.90695
-328.555266
-63.244918
-735.565457
163.625577
-220.772937
117.6485
-609.693787
-235.093666
-275.794685
33.231572
-91.886376
-136.356008
-277.30213
-104.69966
-324.786653
-198.914982
-174.79586
52.828359
-334.585046
200.557984
17.403397
112.372442
203.572874
-152.937905
48.306023
-241.877169
60.365584
101.066604
-379.054678
-364.733949
-76.058202
257.087177
26.448068
58.858139
-205.698485
261.609513
-388.099349
-137.863453
-186.101698
157.595797
-551.657148
-36.864628
-209.467098
-255.444176
398.033299
137.99901
667.112259
6.097559
608.321898
-91.886376
486.972563
696.50744
160.610687
-67.767254
223.169661
-125.05017
338.489215
58.104417
-98.669879
-155.952795
190.005868
-404.681246
24.940623
597.769782
-314.988259
-182.333086
-271.27235
49.813468
-286.346801
-48.924189
446.271544
-299.913808
-4.454557
-399.405188
-340.614827
46.044855
-289.361692
198.296816
-166.504911
-27.819957
-76.058202
144.02879
14.388507
324.168486
319.646151
-192.131479
-441.613652
135.737842
-318.756872
-88.117763
-217.004324
-644.365025
217.893603
-72.289589
159.856965
54.335804
-86.610318
856.296626
-122.789002
-112.236886
96.544268
-158.967686
57.350694
-69.274699
140.260178
-368.502562
-243.384614
25.694346
-307.451033
-60.983751
-189.116589
180.207474
-232.832498
-143.893234
21.925733
-330.062711
158.349519
-378.300956
-76.811925
24.940623
20.418288
-78.31937
40.015075
-100.177325
230.706887
310.60148
315.877538
-88.117763
-322.525485
-183.840531
113.879887
446.271544
-58.722583
-400.912633
250.303674
11.373617
-56.461415
302.310532
-13.499228
-153.691628
-424.278033
-581.052329
49.813468
164.3793
-202.683595
461.345996
21.17201
-327.801543
48.306023
-111.483163
272.915351
0.821501
-115.251776
-54.95397
113.879887
93.529378
-78.31937
464.360886
-281.824466
450.040157
100.312881
-244.138337
-204.944763
40.768797
132.722952
250.303674
554.807595
-154.44535
-1.439667
222.415939
-302.928698
-458.949271
-142.385789
59.611862
117.6485
900.766258
105.588939
253.318564
-251.675563
45.291133
-194.392647
148.551126
-18.021564
-60.230028
-89.625209
-91.886376
-43.648131
162.871855
-362.472782
43.783688
-6.715725
-134.848563
103.327771
559.329931
-152.184182
-161.982576
-83.595428
-428.046646
-217.004324
314.370093
245.027616
196.789371
100.312881
-54.200247
-119.774112
359.593448
-4.454557
37.000184
141.0139
62.626752
346.780164
111.61872
-1.439667
76.193759
122.170836
-358.704169
-287.854246
-111.483163
-203.437318
198.296816
98.805436
-8.976893
264.624403
344.518996
2.328946
216.386158
363.36206
-128.06506
125.185726
497.524679
-363.226504
-161.228853
118.402223
58.104417
112.372442
105.588939
-55.707693
-213.235711
-407.696136
12.881062
10.619894
266.131848
-401.666356
119.155945
-2.19339
-54.200247
-247.90695
-27.066235
68.656533
384.466293
-197.407537
-133.341118
-48.170467
95.790546
369.391841
-829.780779
-203.437318
-132.587395
109.357552
373.160454
-13.499228
-375.286065
226.184551
-73.797034
444.010376
-345.890885
-248.660672
238.244113
-44.401854
-235.847389
473.405557
-285.593079
-127.311337
-166.504911
113.126165
78.454926
-340.614827
-262.981401
-180.82564
98.051713
-36.110906
-218.511769
-222.280382
-99.423602
-510.956129
-59.476305
-93.393821
-454.426936
144.02879
-134.848563
-486.837007
49.813468
165.133023
116.894778
-363.226504
-324.786653
-287.100524
-479.299781
-440.106207
-432.568981
137.245287
-446.135988
-590.097
-119.020389
-703.909109
-186.101698
-456.688104
21.17201
-234.339943
-301.421253
-245.645782
-593.865613
268.393016
360.34717
-311.219646
-667.730425
-169.519802
-238.862279
216.386158
-253.93673
-500.404013
-471.008833
-325.540375
-314.988259
-328.555266
-229.063885
-397.897743
-493.62051
-715.214948
137.245287
-349.659498
-39.125796
-278.809575
-612.708677
-498.142845
-504.172626
-73.043312
-27.066235
-321.771762
-501.157736
-103.945937
-192.885202
-687.327212
-183.086808
-466.486497
-441.613652
-209.467098
-335.338769
-343.629717
-990.323688
-341.368549
-630.798019
-233.586221
-560.701819
-253.93673
-225.295272
-60.983751
-490.60562
-693.356993
25.694346
-229.817608
248.796229
-342.122272
-290.869137
-221.52666
-116.005499
-297.65264
-365.487672
-324.03293
-613.4624
-293.884027
-376.039788
-153.691628
-275.794685
-349.659498
-417.49453
-692.60327
-557.686929
-341.368549
-250.92184
-479.299781
-176.303305
-406.188691
-305.189866
-791.340928
-435.583872
-384.330736
-333.077601
-519.247078
-100.177325
212.617545
-616.47729
43.029965
101.820326
-629.290574
-300.66753
-11.23806
-161.228853
-408.449859
-256.197898
-254.690453
98.805436
-330.816433
-504.172626
-692.60327
-750.639909
24.186901
-261.473956
-471.008833
-418.248252
-491.359342
-449.150878
-354.935556
-198.16126
-45.909299
-141.632066
-193.638924
-200.422427
87.499597
40.768797
13.634785
36.246462
-72.289589
-71.535867
-88.871486
-192.131479
-342.875994
-441.613652
-54.200247
-342.122272
-146.908124
-170.273524
-212.481989
95.790546
207.341487
-51.93908
-196.653814
-687.327212
595.508614
453.80877
76.947481
-82.841705
-324.786653
35.492739
-33.096015
105.588939
46.044855
175.685139
-113.744331
-112.990608
303.064254
73.932591
201.311706
-16.514119
-207.205931
-372.271175
-97.162434
-615.723567
-321.01804
-150.676737
-73.797034
-363.980227
198.296816
50.567191
-330.816433
-945.100334
-488.344452
-70.028421
370.145564
103.327771
489.233731
520.136357
94.2831
-192.885202
-237.354834
106.342662
-166.504911
-239.616001
-266.750014
-373.024898
-536.582697
-1.439667
-204.19104
21.17201
156.842074
-54.200247
-318.003149
104.835216
-442.367375
19.664565
-278.809575
-54.95397
-354.935556
-291.622859
-146.154402
-235.093666
43.783688
-760.438302
-28.57368
-166.504911
-118.266666
-137.863453
-130.326228
291.758416
-289.361692
58.858139
-59.476305
-623.260793
190.75959
-196.653814
-248.660672
-122.035279
-8.22317
-60.230028
588.725111
-112.236886
356.578557
-282.578188
-199.668705
527.673582
82.223539
-382.069569
-219.265492
-114.498054
-345.890885
-276.548408
-198.16126
-157.46024
-94.901267
203.572874
-235.093666
-196.653814
-289.361692
9.866172
-289.361692
-453.673213
-83.595428
-250.168117
-480.807226
-174.79586
-223.034105
-605.925174
-437.091317
-14.252951
-37.618351
-153.691628
61.87303
64.134197
-440.85993
-230.57133
291.758416
7.605004
-222.280382
-456.688104
73.932591
-113.744331
-516.98591
-140.878344
-53.446525
-519.247078
-180.071918
71.671423
100.312881
-290.115414
-92.640099
-642.85758
-260.720234
-274.28724
-253.93673
-119.774112
-244.892059
-832.041947
-379.054678
-659.439477
-314.234537
105.588939
-722.752173
-283.331911
-116.005499
-193.638924
-489.851897
-79.826815
40.015075
-143.139511
-416.740807
85.238429
-316.495704
-303.68242
-280.317021
-189.116589
-264.488846
-476.284891
-432.568981
-24.805067
-317.249427
-369.256285
80.716094
-161.228853
-815.46005
-267.503737
-163.490021
-4.454557
-41.386964
145.536236
143.275068
-262.227679
-139.370899
-578.037439
-375.286065
-459.702994
-312.727091
-501.911458
-145.400679
-382.069569
-45.909299
-108.468273
-255.444176
-183.086808
-120.527834
-298.406362
-268.257459
-541.105032
-729.535677
-412.218472
132.722952
-409.957304
-617.984735
-34.60346
-696.371883
-374.532343
-352.674388
-420.50942
-293.884027
-455.180659
-245.645782
-251.675563
-152.184182
-505.680071
-259.212788
-518.493355
-874.250412
-336.092491
-453.673213
-177.81075
-580.298606
-461.964162
-48.170467
-67.767254
-483.068394
-481.560949
-787.572315
-54.95397
-675.267651
-341.368549
-153.691628
-155.199073
-103.192215
-186.855421
-666.22298
-136.356008
-144.646957
-579.544884
-130.326228
-122.789002
-174.79586
-291.622859
-221.52666
-494.374233
-284.085633
-556.933206
-509.448684
-264.488846
-46.663022
91.26821
-751.393631
-765.71436
-229.063885
-312.727091
-133.341118
-620.999626
-423.52431
-431.061536
-231.325053
-163.490021
447.025267
-568.239045
-772.497864
-382.823291
-665.469258
-225.295272
-203.437318
-649.641083
-342.875994
-146.154402
-241.877169
-492.113065
-376.039788
-137.863453
-279.563298
-425.031755
-149.169292
-253.183008
-545.627368
-678.282541
-349.659498
-740.087793
-1181.769223
-149.169292
-881.033915
-322.525485
-447.643433
-4.454557
-559.948097
-698.633051
-626.275684
-257.705343
-63.244918
-578.791161
-104.69966
-239.616001
-243.384614
-568.992768
-290.115414
-237.354834
-351.166943
-155.199073
-786.06487
-375.286065
-122.789002
-722.752173
-858.422237
-357.950446
-560.701819
-653.409696
-371.517452
-287.854246
-217.758047
-393.375407
-317.249427
-642.103858
-304.436143
-406.188691
-353.428111
-287.854246
-169.519802
-539.597587
-461.964162
-460.456717
-615.723567
-687.327212
-335.338769
-472.516278
-476.284891
-203.437318
-707.677722
-413.725917
-828.273334
-379.054678
-409.957304
-293.130304
-467.993942
-375.286065
-447.643433
-543.3662
-681.297432
-475.531168
-558.440652
-67.013531
-205.698485
-689.58838
-288.607969
-201.929873
-54.200247
-444.628542
-340.614827
-543.3662
-553.164594
-566.7316
-688.080935
-730.289399
-323.279207
-128.818783
-96.408712
-599.895393
-373.77862
-58.722583
-1070.218282
-403.173801
-243.384614
-384.330736
-228.310163
-311.219646
-125.05017
498.278402
239.751558
-692.60327
-411.464749
-357.950446
-150.676737
-431.061536
-181.579363
-21.036454
-624.768238
-442.367375
-140.878344
-841.086618
-412.972194
-141.632066
-277.30213
-576.529993
-605.171451
-110.729441
-200.422427
-355.689278
-178.564473
-27.819957
-140.878344
-2.19339
64.134197
672.388317
-77.565647
-277.30213
165.886745
-45.155576
-131.833673
-492.113065
-36.110906
-417.49453
-622.507071
-198.16126
483.957673
-60.230028
-347.39833
142.521345
-293.130304
-257.705343
-544.873645
186.237255
272.915351
-188.362866
-342.875994
-164.243744
155.334629
-327.04782
235.982945
176.438861
-102.438492
-295.391472
-67.013531
225.430829
-120.527834
-535.075252
-426.539201
328.690822
701.029775
-52.692802
-203.437318
-146.154402
523.151247
-394.12913
54.335804
64.88792
458.331105
104.081494
266.885571
318.892428
-477.038613
-311.973369
242.766448
447.778989
253.318564
-16.514119
412.354028
455.316215
121.417113
-376.79351
212.617545
14.388507
-91.886376
-32.342293
295.527029
-269.764904
-155.199073
-364.733949
-29.327402
-95.654989
18.15712
319.646151
54.335804
7.605004
-265.996292
-173.288415
39.261352
-237.354834
126.693171
-532.814084
-146.908124
164.3793
88.25332
-35.357183
288.743525
84.484707
67.149088
263.87068
417.630086
203.572874
-223.034105
64.88792
-131.07995
-357.196723
202.819151
-104.69966
-484.575839
-472.516278
-292.376582
104.835216
18.15712
-168.012357
-262.227679
70.163978
-653.409696
-93.393821
128.200616
166.640468
85.238429
24.186901
-218.511769
-226.048995
-402.420078
-244.138337
-687.327212
-73.797034
-345.890885
-247.153227
349.795054
-247.153227
-331.570156
-190.624034
-112.990608
-664.715535
-152.184182
-317.249427
-46.663022
-624.014516
-647.379916
-232.078776
50.567191
-725.767064
264.624403
-227.55644
189.252145
161.36441
662.589924
380.69768
-444.628542
-134.848563
122.924558
58.104417
49.813468
-216.250602
-52.692802
-639.84269
-779.281367
-39.125796
-565.224155
-97.916157
-731.796844
-588.589555
-22.543899
-409.203581
-223.034105
-744.610128
-205.698485
-235.847389
-299.160085
-563.71671
-162.736299
-249.414395
-601.402839
-595.373058
-219.265492
-672.252761
-419.001975
-60.230028
-376.039788
-637.581522
-472.516278
-268.257459
-240.369724
84.484707
-532.060361
-312.727091
-111.483163
-494.374233
-573.515103
-804.907934
-414.479639
-400.15891
-491.359342
-168.766079
27.201791
-729.535677
-635.320354
-332.323878
-133.341118
-234.339943
-131.833673
-261.473956
55.089526
-231.325053
-404.681246
-80.580538
-51.93908
-450.658323
-139.370899
-78.31937
-278.809575
-297.65264
-300.66753
-614.969845
-363.980227
-377.547233
-361.719059
-223.034105
-406.942414
-579.544884
-425.785478
-572.007658
-862.19085
-250.168117
-649.641083
-350.41322
-241.877169
-177.057027
-112.990608
-1.439667
-372.271175
-404.681246
43.783688
-469.501387
-427.292923
-396.390297
-200.422427
200.557984
-322.525485
-535.828974
-243.384614
-423.52431
-256.951621
-137.863453
-456.688104
-190.624034
-482.314671
-261.473956
14.388507
-80.580538
-36.110906
-79.073092
-435.583872
-290.115414
132.722952
-106.960828
-578.791161
168.901636
-269.011182
73.932591
-187.609144
259.348345
187.7447
-181.579363
-328.555266
-453.673213
130.461784
-480.053504
-395.636575
523.151247
-211.728266
-38.372073
-645.872471
304.571699
258.594622
-367.74884
-394.882852
-523.769413
-584.067219
-471.008833
388.234906
-116.759221
-118.266666
-474.023723
-86.610318
318.138706
-134.094841
183.976087
85.238429
-168.766079
58.104417
85.992152
-85.102873
-396.390297
-367.74884
-498.142845
346.026441
-380.562123
-434.830149
-405.434968
305.325422
-216.250602
-847.116399
-123.542724
-170.273524
-140.124621
396.525854
-353.428111
46.044855
-36.864628
-100.931047
-187.609144
125.939449
516.367744
-452.165768
82.977262
124.432003
199.050539
88.25332
-547.888536
-259.966511
42.276243
-348.152053
-368.502562
-136.356008
-70.782144
-549.395981
254.826009
-157.46024
37.000184
72.425146
-78.31937
-346.644607
-33.096015
421.398699
-80.580538
304.571699
-545.627368
-134.094841
153.073461
-724.259619
241.259003
76.193759
48.306023
109.357552
-491.359342
-327.801543
-450.658323
-370.76373
-49.677912
-568.239045
-318.003149
-620.245903
-433.322704
-382.069569
-407.696136
-11.23806
-125.05017
243.520171
-27.819957
-164.243744
-195.146369
-243.384614
19.664565
184.72981
30.216681
-296.145195
-411.464749
371.653009
-330.816433
-164.243744
-291.622859
-295.391472
-40.633241
-229.063885
63.380475
-499.650291
-259.212788
-592.358168
-550.903426
8.358727
-107.71455
-290.115414
-124.296447
-320.264317
-59.476305
-35.357183
-409.203581
73.178868
-525.276858
-165.751189
-70.028421
-73.797034
-2.947112
202.819151
118.402223
-316.495704
-138.617176
12.881062
-241.877169
-415.233362
9.866172
90.514487
-434.830149
-337.599936
-594.619335
-521.508245
84.484707
-680.543709
-158.967686
-36.110906
-63.998641
-256.197898
-250.92184
420.644976
-343.629717
-505.680071
-152.937905
-143.139511
-96.408712
-106.960828
-269.011182
50.567191
-363.226504
521.643802
284.974912
154.580907
-74.550757
-140.878344
-180.82564
-85.856596
-288.607969
-589.343277
98.051713
-529.799194
-523.769413
-115.251776
125.939449
308.340312
-372.271175
-168.012357
-88.871486
-270.518627
-458.949271
-100.931047
-42.140686
266.131848
-206.452208
156.088352
-84.34915
-439.352484
-58.722583
25.694346
-264.488846
-442.367375
7.605004
-217.758047
-263.735124
-409.957304
153.073461
-69.274699
-8.22317
-8.976893
-314.988259
249.549951
-31.58857
-117.512944
-283.331911
-331.570156
-105.453383
-209.467098
-143.139511
43.783688
-183.086808
-88.871486
165.886745
-677.528819
-425.785478
89.760765
260.102067
-541.105032
-231.325053
-21.036454
-465.732775
446.271544
101.066604
132.722952
-73.797034
-22.543899
-272.779795
-20.282731
-231.325053
-446.135988
77.701204
489.233731
44.53741
-134.848563
-154.44535
707.059556
-198.914982
-513.97102
560.083653
-109.975718
-81.33426
-353.428111
-430.307813
-55.707693
52.828359
119.155945
-207.959653
28.709236
60.365584
-826.012167
-78.31937
131.969229
378.436512
-502.665181
-330.816433
-458.949271
-171.027247
-409.957304
-500.404013
566.113434
-107.71455
-235.093666
-241.123447
-135.602286
-608.186342
404.06308
-311.973369
-229.817608
-642.103858
-492.866787
-229.817608
151.566016
-549.395981
-151.43046
368.638119
-579.544884
-325.540375
-351.920665
-854.653624
-397.897743
-175.549582
-413.725917
-334.585046
-566.7316
-99.423602
490.741176
-238.108556
201.311706
-54.200247
-313.480814
-501.157736
-25.558789
-116.005499
-353.428111
-641.350135
-640.596413
-1125.993752
-391.867962
-133.341118
-517.739632
-812.44516
-688.834657
-106.960828
-51.185357
-657.178309
-700.140496
-256.197898
-439.352484
-291.622859
-1107.90441
-362.472782
-281.070743
-261.473956
-33.849738
-39.879518
-614.216122
-309.712201
-343.629717
-435.583872
-72.289589
-238.108556
21.925733
-720.491006
-262.227679
-526.784303
-783.803702
-475.531168
-522.261968
-643.611303
-685.066045
-718.229838
-982.03274
-751.393631
-307.451033
-626.275684
-194.392647
-679.789987
-440.85993
-401.666356
-480.807226
-1169.709662
-709.185167
-272.779795
-185.347976
-92.640099
4.590114
-97.162434
-725.013341
-178.564473
-900.630702
-697.879328
-778.527644
-373.77862
-451.412046
-473.27
-516.98591
-890.832308
-1126.747475
-581.806052
-528.291749
-461.964162
-648.887361
-546.38109
-238.108556
-360.965336
-712.95378
-599.895393
-509.448684
-331.570156
-639.84269
-660.1932
-90.378931
-428.046646
-632.305464
-5.962002
-122.035279
-384.330736
-1086.046456
-530.552916
-357.950446
-281.824466
-391.114239
-843.347786
-1043.837991
-803.400489
-997.107192
-201.929873
-174.042137
-478.546058
-311.973369
-660.946922
5.343836
-667.730425
-410.711026
-235.093666
-280.317021
-299.160085
-540.35131
-309.712201
-351.166943
-538.090142
-455.934381
-647.379916
-458.195549
-30.081125
-179.318195
-333.077601
-611.201232
-517.739632
-614.969845
-676.021374
-300.66753
-370.010007
183.976087
-247.90695
-41.386964
-107.71455
-368.502562
76.947481
-402.420078
-288.607969
-230.57133
-450.658323
-555.425761
-91.886376
-73.797034
48.306023
-163.490021
-198.16126
-253.183008
-161.982576
-406.942414
-587.835832
174.931416
-166.504911
-394.882852
25.694346
-266.750014
-292.376582
49.813468
-2.19339
-327.801543
206.587764
-18.775286
204.326597
-465.732775
-343.629717
-291.622859
-349.659498
-75.30448
-229.063885
-6.715725
-421.263143
134.98412
-366.995117
-580.298606
185.483532
-20.282731
-367.74884
73.932591
-123.542724
-12.745506
-513.217297
-422.016865
-428.800368
-13.499228
182.468642
-210.974543
-43.648131
-303.68242
-28.57368
60.365584
-30.081125
230.706887
243.520171
18.15712
-199.668705
-90.378931
413.861473
-360.211614
-17.267841
-169.519802
-93.393821
195.281926
-120.527834
-81.33426
-412.972194
185.483532
-259.966511
-322.525485
-151.43046
-290.115414
156.842074
412.354028
116.894778
-48.924189
275.176519
27.955514
-291.622859
156.842074
-40.633241
-164.997466
404.06308
-360.965336
436.47315
362.608338
-198.16126
-66.259809
-501.911458
87.499597
-493.62051
-31.58857
-508.694962
-56.461415
182.468642
-381.315846
-91.132654
455.316215
-493.62051
-5.20828
-238.108556
-269.764904
-281.070743
-307.451033
-349.659498
-154.44535
188.498423
85.238429
-323.279207
177.192584
-125.05017
-221.52666
172.670248
-244.892059
273.669074
-2.19339
174.931416
-310.465924
-287.100524
-393.375407
-134.848563
-151.43046
-593.865613
248.042506
-205.698485
-278.055853
-283.331911
-424.278033
55.089526
72.425146
202.819151
-397.897743
-323.279207
-307.451033
-402.420078
-119.774112
-177.057027
-269.011182
283.467467
-397.14402
-368.502562
-252.429285
-510.202407
-8.976893
-47.416744
-217.758047
205.834042
-324.03293
-721.244728
-96.408712
-211.728266
-421.263143
-590.097
-150.676737
92.021933
-431.061536
-167.258634
82.223539
182.468642
259.348345
217.13988
122.170836
77.701204
-189.870311
-356.443001
124.432003
-198.914982
282.713745
-61.737473
275.176519
-449.150878
-173.288415
-68.520976
276.683964
364.869506
-568.992768
-577.283716
-437.091317
-754.408522
235.229222
17.403397
235.982945
145.536236
107.096384
-460.456717
-283.331911
39.261352
-266.750014
76.947481
-107.71455
-627.783129
75.440036
451.547602
49.813468
183.222364
-21.036454
13.634785
-230.57133
-498.896568
-187.609144
160.610687
-189.116589
-255.444176
-107.71455
260.102067
-1.439667
-100.177325
-459.702994
-82.841705
45.291133
125.185726
315.123816
72.425146
-192.131479
-72.289589
114.63361
31.724126
81.469817
14.388507
157.595797
-305.189866
-275.040963
-241.123447
-216.250602
-274.28724
-815.46005
304.571699
-82.841705
-303.68242
153.827184
-67.013531
-188.362866
-112.990608
188.498423
63.380475
69.410255
1.575223
-103.192215
-139.370899
-567.485323
-171.027247
-372.271175
162.118132
-627.029406
-478.546058
395.018409
-399.405188
140.260178
-30.834847
-318.756872
-360.211614
-63.998641
-308.958479
-82.087983
-36.110906
-429.554091
-443.87482
227.691997
-231.325053
-399.405188
-68.520976
-2.947112
165.886745
-151.43046
157.595797
-486.837007
-264.488846
-363.980227
44.53741
-60.983751
-186.101698
23.433178
140.260178
92.775655
24.186901
-165.751189
-27.066235
-426.539201
-216.250602
-522.261968
-618.738458
-53.446525
-284.839356
-458.195549
-587.08211
-421.263143
-65.506086
-53.446525
-5.20828
128.954339
603.799563
157.595797
11.373617
-371.517452
-418.248252
-104.69966
160.610687
-424.278033
67.90281
-287.100524
-270.518627
-259.966511
-400.912633
393.510964
-400.15891
-313.480814
133.476674
166.640468
-16.514119
-627.029406
354.31739
-578.791161
-529.045471
-120.527834
-213.235711
-97.916157
-471.008833
142.521345
-385.838181
-319.510595
68.656533
-345.137162
239.751558
-746.871296
-241.123447
141.0139
-584.820942
-200.422427
-579.544884
-607.432619
-469.501387
3.836391
-331.570156
-332.323878
-36.110906
-640.596413
321.907319
-590.850722
-798.124431
-360.211614
-9.730615
145.536236
-315.741982
-379.054678
-488.344452
-526.030581
-293.130304
-162.736299
-386.591904
-318.003149
-375.286065
-198.16126
61.87303
-648.887361
-228.310163
-507.187516
-703.909109
-423.52431
364.869506
-137.109731
-503.418903
-98.669879
-682.804877
-633.059187
-86.610318
-295.391472
202.819151
-541.105032
-364.733949
-28.57368
-87.364041
190.75959
-21.790177
-83.595428
-265.242569
-310.465924
382.958847
-639.84269
56.596971
108.603829
-395.636575
-109.221996
-54.95397
-117.512944
146.289958
-200.422427
-676.775096
-366.995117
-596.12678
-381.315846
-410.711026
-163.490021
-920.981211
-88.871486
368.638119
64.134197
-482.314671
96.544268
-57.215138
-382.823291
-117.512944
-253.93673
189.252145
-385.084459
110.864997
-43.648131
-173.288415
33.231572
143.275068
-483.822116
-80.580538
-79.826815
-355.689278
-253.183008
-480.053504
-321.771762
-314.234537
-163.490021
-538.843865
126.693171
1.575223
-93.393821
-41.386964
413.107751
37.753907
268.393016
262.363235
51.320913
106.342662
393.510964
-265.242569
513.352853
-18.021564
-89.625209
272.915351
248.796229
145.536236
24.940623
-6.715725
87.499597
288.743525
227.691997
-72.289589
62.626752
-771.744141
-451.412046
213.371268
211.863822
319.646151
130.461784
-125.05017
-149.169292
102.574049
440.995486
474.159279
-195.900092
239.751558
-94.901267
412.354028
-194.392647
-322.525485
368.638119
-105.453383
-299.160085
192.267035
-55.707693
-544.873645
303.064254
-198.914982
-535.075252
237.49039
-169.519802
-93.393821
70.9177
-286.346801
163.625577
-242.630892
-84.34915
-56.461415
485.465118
64.134197
370.145564
676.910653
-60.230028
-38.372073
413.861473
52.074636
-149.169292
-376.039788
-265.996292
82.223539
346.026441
-397.897743
223.169661
16.649675
-397.897743
-116.759221
58.858139
-810.937715
200.557984
-6.715725
-755.162244
-8.22317
-226.048995
458.331105
-412.218472
203.572874
15.895952
241.259003
255.579732
-146.908124
87.499597
-72.289589
89.760765
-285.593079
-270.518627
-119.774112
-54.95397
-60.983751
-446.88971
-267.503737
-68.520976
-409.957304
-263.735124
-325.540375
-278.055853
37.000184
-291.622859
22.679456
-83.595428
-220.019214
177.946306
-94.901267
-218.511769
-187.609144
268.393016
-570.500213
-472.516278
-113.744331
30.970404
78.454926
-605.171451
37.753907
-153.691628
-183.840531
-142.385789
-8.22317
-288.607969
-314.234537
-477.792336
-8.22317
-700.140496
128.200616
-25.558789
-366.241394
67.90281
-217.004324
-341.368549
-583.313497
-386.591904
-139.370899
-454.426936
-339.107382
-436.337594
-314.234537
12.127339
-182.333086
-403.173801
-617.231013
-388.853072
-483.068394
-499.650291
-183.840531
-217.004324
154.580907
-231.325053
-363.226504
52.828359
-297.65264
-575.776271
144.782513
-19.529009
-533.567807
27.201791
-47.416744
-75.30448
-325.540375
-10.484338
-367.74884
-275.040963
-555.425761
-88.871486
144.02879
-366.241394
-434.076426
-198.914982
-425.785478
-590.097
-178.564473
-579.544884
-135.602286
-226.048995
-608.186342
-518.493355
-300.66753
-435.583872
-119.774112
-241.123447
-717.476115
-221.52666
6.851281
-547.134813
-543.3662
-289.361692
-764.960638
446.271544
-21.790177
-85.102873
-117.512944
-539.597587
-32.342293
-550.149703
5.343836
-415.233362
-690.342103
-587.08211
-270.518627
-591.604445
-494.374233
-727.274509
359.593448
-355.689278
-617.984735
-400.912633
-291.622859
-35.357183
-774.759031
-27.066235
508.830518
-419.755697
-376.039788
-98.669879
-571.253935
-486.837007
-617.231013
220.154771
-554.672039
-461.964162
-219.265492
-973.741792
-666.976703
-293.130304
-48.170467
-533.567807
-500.404013
-440.85993
-676.021374
-265.242569
-206.452208
-507.187516
-939.070553
-322.525485
-33.096015
-380.562123
-543.3662
-516.232187
-276.548408
-280.317021
14.388507
-376.79351
-172.534692
-394.882852
-431.061536
-526.030581
269.900461
-998.614637
18.910843
-377.547233
-244.138337
-281.824466
-444.628542
-891.586031
-617.984735
-303.68242
-506.433794
-697.879328
-606.678897
-400.912633
-576.529993
-60.230028
-183.840531
-608.186342
-525.276858
-294.63775
-663.20809
-119.020389
-259.212788
-134.094841
-226.048995
-406.942414
-533.567807
-275.794685
-173.288415
-422.770588
-712.95378
-15.760396
-189.870311
-529.799194
-448.397155
-991.831134
-172.534692
147.797403
-767.221806
-382.823291
352.809944
-494.374233
138.752732
-139.370899
-149.923015
-250.168117
-350.41322
-654.917142
-45.155576
-405.434968
-454.426936
92.021933
-606.678897
-136.356008
-137.109731
-666.976703
-357.196723
-499.650291
-700.140496
-746.117573
-198.914982
-582.559774
-710.692612
-15.760396
-792.848373
-365.487672
-611.954955
-556.933206
-117.512944
-440.106207
-701.647941
-379.054678
-411.464749
-576.529993
89.007042
-492.113065
-949.622669
-53.446525
-467.24022
-327.801543
-810.183992
-477.792336
-514.724742
-59.476305
-972.234347
-198.16126
-517.739632
-688.834657
-746.871296
-199.668705
-761.945747
-654.917142
-529.045471
-870.481799
-267.503737
-156.706518
-142.385789
-324.786653
-651.148529
4.590114
-200.422427
434.965705
-383.577014
-486.837007
95.790546
-332.323878
-573.515103
-736.31918
-127.311337
-487.590729
-602.156561
-315.741982
-373.77862
-461.210439
-480.807226
-149.169292
-228.310163
-720.491006
-651.148529
-117.512944
-546.38109
-347.39833
-409.203581
-54.95397
-454.426936
36.246462
-419.001975
-298.406362
31.724126
-653.409696
-235.847389
89.760765
-233.586221
-158.967686
-550.903426
-412.218472
-119.020389
-434.076426
-366.995117
-647.379916
-443.121097
-645.118748
270.654183
-141.632066
-879.52647
-151.43046
-653.409696
-177.81075
-267.503737
-0.685944
-148.41557
148.551126
-115.251776
-828.273334
-5.962002
355.071112
79.962371
635.455911
155.334629
-413.725917
-265.996292
-207.205931
-344.38344
-284.839356
-813.198883
211.1101
-44.401854
-581.806052
-346.644607
50.567191
-346.644607
-48.170467
-531.306639
-336.092491
78.454926
-113.744331
-583.313497
-106.960828
-681.297432
-127.311337
-251.675563
89.760765
-77.565647
56.596971
309.847757
-263.735124
186.237255
-350.41322
-446.135988
-125.803892
-356.443001
-348.152053
-710.692612
-573.515103
-730.289399
-5.962002
267.639293
-145.400679
177.946306
-286.346801
76.947481
-556.179484
-261.473956
73.178868
-328.555266
-189.870311
-2.19339
-103.192215
-262.227679
214.878713
275.176519
-731.796844
-562.209264
95.790546
86.745875
-437.091317
-452.919491
-684.312322
-305.189866
-561.455542
84.484707
-119.020389
395.772131
-192.885202
-555.425761
-753.654799
98.805436
201.311706
-495.127955
-237.354834
-18.021564
-150.676737
-158.967686
-343.629717
238.997835
151.566016
-226.048995
47.552301
-562.209264
-375.286065
-450.658323
-215.496879
-701.647941
-167.258634
-576.529993
-391.867962
139.506455
-654.917142
-852.392457
301.556809
90.514487
22.679456
-709.185167
354.31739
-270.518627
-24.805067
-288.607969
-640.596413
-406.188691
-80.580538
-143.139511
-167.258634
-737.072902
150.812294
181.714919
-400.15891
-239.616001
-158.967686
-558.440652
-259.966511
168.147913
-388.853072
-605.925174
-524.523136
-695.618161
-599.141671
-829.027057
-500.404013
-201.929873
-449.150878
-317.249427
-498.896568
-354.181833
174.177694
-54.200247
-229.817608
-914.951431
-357.950446
-562.209264
-145.400679
370.899286
-293.130304
-324.786653
-88.871486
-363.980227
-328.555266
-553.164594
-527.538026
-196.653814
-737.826625
-399.405188
-305.943588
-663.20809
-633.812909
-646.626193
3.082669
-367.74884
-1008.41303
-126.557615
-512.463574
-368.502562
-556.179484
-778.527644
-468.747665
-84.34915
-581.052329
-180.071918
-319.510595
-366.241394
-261.473956
-130.326228
-538.843865
-440.106207
-630.044296
177.946306
41.52252
-352.674388
-604.417729
-570.500213
-715.214948
-535.828974
-481.560949
-761.945747
-66.259809
-340.614827
-565.977877
-261.473956
-752.147354
-754.408522
147.797403
-174.79586
-242.630892
-896.108366
-221.52666
-355.689278
-161.228853
-333.831324
-603.664006
-268.257459
-154.44535
-451.412046
-210.974543
-278.055853
190.005868
-608.940064
-633.059187
-614.969845
-394.12913
30.970404
-452.165768
-327.801543
-233.586221
-620.999626
-169.519802
-163.490021
-303.68242
-2.947112
-419.755697
-648.887361
-182.333086
165.886745
-600.649116
-60.983751
-507.941239
-113.744331
-400.15891
-513.217297
-647.379916
-544.873645
-682.051154
-602.910284
69.410255
135.737842
-156.706518
-489.851897
-201.929873
214.12499
-124.296447
70.163978
-257.705343
-504.172626
-261.473956
364.869506
-421.263143
9.866172
-929.27216
-400.15891
87.499597
-308.204756
-346.644607
-265.242569
-584.067219
-287.100524
113.126165
-278.055853
-599.895393
63.380475
-195.900092
-153.691628
-233.586221
-479.299781
176.438861
-146.908124
-174.042137
-141.632066
-544.119923
-373.024898
-269.764904
-350.41322
63.380475
-202.683595
-66.259809
-11.23806
-60.230028
-146.154402
46.044855
-694.864438
-355.689278
-166.504911
-204.944763
-588.589555
-290.115414
-46.663022
-397.14402
-382.823291
-401.666356
-278.809575
382.958847
-411.464749
178.700029
-133.341118
-299.913808
-203.437318
224.677106
-109.975718
-264.488846
-464.225329
-57.215138
-220.772937
-312.727091
-515.478465
-293.130304
147.043681
115.387333
-27.819957
-32.342293
-277.30213
-379.808401
-181.579363
-411.464749
-522.261968
-347.39833
355.824835
-616.47729
-472.516278
-755.915967
-274.28724
-158.213963
-535.075252
312.108925
-357.950446
110.864997
79.962371
199.804261
-124.296447
-566.7316
195.281926
34.739017
-272.779795
-385.084459
-167.258634
-83.595428
-546.38109
-538.843865
-299.913808
-535.075252
-506.433794
-334.585046
-314.988259
-15.006673
-415.233362
-365.487672
139.506455
-62.491196
213.371268
157.595797
193.774481
-8.976893
-112.236886
-43.648131
59.611862
23.433178
67.149088
400.294467
3.836391
-118.266666
42.276243
-361.719059
-985.04763
-581.806052
-619.49218
-40.633241
-168.766079
-389.606794
-756.669689
-301.421253
-553.918316
-135.602286
316.631261
-104.69966
242.766448
120.663391
581.941608
-104.69966
-18.775286
180.207474
-504.172626
255.579732
182.468642
161.36441
192.267035
-205.698485
190.75959
-440.85993
-377.547233
-447.643433
-905.90676
104.081494
74.686313
31.724126
-299.160085
-501.911458
278.945132
-402.420078
-162.736299
252.564842
90.514487
-365.487672
-376.79351
-346.644607
-101.68477
27.201791
247.288784
-693.356993
-220.019214
-208.713376
-553.164594
-121.281557
-182.333086
-121.281557
-299.913808
-55.707693
-207.205931
-590.850722
55.843249
-1.439667
183.222364
-470.25511
-34.60346
-185.347976
-467.993942
-158.213963
-143.139511
92.021933
-265.996292
-164.243744
6.097559
-546.38109
190.75959
-213.989434
-853.899902
46.044855
-428.046646
134.230397
-401.666356
-169.519802
-27.819957
18.15712
-305.189866
-359.457891
-338.353659
-45.909299
-571.253935
-51.93908
-437.091317
61.119307
258.594622
-844.855231
137.99901
96.544268
167.39419
174.931416
-155.199073
-10.484338
14.388507
-15.006673
-233.586221
11.373617
-345.890885
24.940623
405.570525
-486.837007
97.297991
61.87303
-349.659498
-221.52666
-467.993942
-310.465924
-246.399505
-168.766079
205.080319
-468.747665
-530.552916
-214.743156
-269.011182
-309.712201
-186.855421
-385.084459
245.781338
240.50528
-39.879518
58.104417
-238.862279
150.812294
452.301325
-351.920665
-1.439667
435.719428
-13.499228
-187.609144
-272.779795
-97.916157
-486.083284
-320.264317
-361.719059
-340.614827
-449.9046
-660.1932
-195.900092
42.276243
-440.85993
-23.297622
130.461784
-199.668705
205.080319
-76.058202
153.827184
-249.414395
-275.040963
-210.220821
349.041331
-54.200247
-83.595428
113.126165
-189.116589
-318.756872
-575.776271
-104.69966
-194.392647
-686.57349
-385.084459
-746.871296
-712.200057
-657.932032
-1007.659308
-253.93673
57.350694
-641.350135
-142.385789
-246.399505
-369.256285
-223.787827
-516.98591
-291.622859
-262.981401
53.582081
115.387333
17.403397
-1.439667
-786.06487
99.559158
-467.24022
-303.68242
-256.197898
-669.991593
-492.866787
-524.523136
-370.76373
-396.390297
-514.724742
-394.12913
-498.142845
-430.307813
-449.150878
-406.188691
-97.162434
-82.087983
-687.327212
-153.691628
73.932591
-189.870311
-510.202407
-430.307813
-789.833483
-35.357183
-292.376582
-477.792336
-7.469448
-749.886186
123.678281
-384.330736
-611.201232
-293.884027
-900.630702
-471.008833
-265.242569
-428.046646
-278.809575
-463.471607
-607.432619
-116.005499
-764.206915
-158.967686
162.118132
-243.384614
-140.878344
-176.303305
-410.711026
183.976087
-495.881678
-633.812909
4.590114
-880.280192
94.2831
79.208649
-512.463574
-172.534692
-242.630892
-848.623844
-62.491196
-370.76373
-220.772937
-495.881678
-818.474941
-878.019024
-52.692802
-722.752173
-854.653624
-578.791161
-394.882852
-660.946922
-483.068394
-213.989434
-74.550757
-841.840341
-602.156561
-378.300956
-450.658323
-364.733949
-801.893044
180.207474
-450.658323
-165.751189
-296.898917
-140.878344
-469.501387
-198.16126
-502.665181
421.398699
-322.525485
186.990977
-179.318195
-71.535867
-137.109731
-646.626193
-357.196723
-850.131289
-451.412046
-416.740807
-253.183008
-205.698485
-527.538026
-25.558789
-76.811925
-148.41557
-214.743156
-330.062711
13.634785
-318.756872
-250.92184
-779.281367
-737.826625
-326.294098
-592.358168
-592.358168
-341.368549
-212.481989
51.320913
-344.38344
-406.188691
-1015.950256
-446.135988
326.429654
-51.185357
-251.675563
-225.295272
-134.848563
-459.702994
-8.976893
-406.188691
-124.296447
-27.066235
-456.688104
-407.696136
-47.416744
-206.452208
-6.715725
-204.19104
-123.542724
-580.298606
214.878713
-159.721408
-371.517452
-546.38109
-264.488846
64.134197
50.567191
-691.849548
-564.470432
52.828359
-138.617176
-100.931047
-773.251586
-110.729441
-141.632066
-259.966511
-324.786653
40.768797
518.628911
245.027616
208.09521
5.343836
16.649675
-202.683595
-333.831324
-434.076426
-333.831324
-477.038613
-49.677912
169.655358
-356.443001
63.380475
-624.014516
-727.274509
-363.980227
-418.248252
-168.766079
-140.878344
-276.548408
104.835216
-135.602286
-8.22317
-34.60346
-521.508245
-594.619335
-162.736299
-304.436143
17.403397
579.68044
37.753907
-330.062711
-333.077601
-112.236886
-343.629717
-679.036264
-167.258634
-286.346801
-450.658323
139.506455
46.798578
-387.345627
-265.242569
-234.339943
722.88773
239.751558
-206.452208
-488.344452
128.954339
-729.535677
-178.564473
-633.059187
-281.824466
-56.461415
-377.547233
-480.807226
7.605004
-630.044296
-544.873645
-258.459066
-655.670864
129.708061
-360.211614
-733.30429
-329.308988
-449.150878
-562.962987
-806.41538
-195.146369
-308.958479
-200.422427
329.444544
-428.800368
-394.12913
-27.819957
247.288784
152.319739
-691.095825
-460.456717
-601.402839
-553.164594
-148.41557
-510.202407
-778.527644
-871.235521
-287.854246
9.112449
-433.322704
-349.659498
-364.733949
-116.005499
-758.177135
-405.434968
338.489215
-60.230028
-431.061536
239.751558
-644.365025
-652.655974
-164.997466
-87.364041
-290.115414
-385.838181
-461.210439
-593.865613
-186.855421
-682.051154
-38.372073
-502.665181
-241.877169
-190.624034
-486.083284
-547.888536
-847.116399
-232.078776
-524.523136
-562.962987
-464.225329
-459.702994
-96.408712
-501.157736
-613.4624
-295.391472
6.851281
-122.789002
-589.343277
-128.06506
-209.467098
-97.916157
-284.839356
-373.77862
-443.87482
-590.097
-399.405188
77.701204
-290.115414
-36.110906
-216.250602
-346.644607
-235.093666
-340.614827
-608.186342
-520.754523
-458.195549
-692.60327
-653.409696
49.059746
-388.099349
-563.71671
-301.421253
-138.617176
-183.840531
-190.624034
91.26821
-246.399505
-124.296447
-79.826815
-345.137162
-229.063885
-181.579363
-101.68477
168.147913
39.261352
-42.894409
-376.039788
-535.828974
-847.870121
-31.58857
-254.690453
71.671423
-327.04782
-100.177325
-366.995117
97.297991
-545.627368
-550.903426
-432.568981
-182.333086
-293.884027
58.104417
-535.075252
-121.281557
233.721777
-104.69966
-388.853072
-115.251776
-379.808401
259.348345
-227.55644
-541.105032
-82.087983
-751.393631
-676.021374
-466.486497
-251.675563
-302.928698
-281.824466
-620.999626
-229.817608
-93.393821
-702.401664
-920.981211
-330.816433
125.185726
-484.575839
-391.867962
-620.999626
-314.234537
-337.599936
-198.16126
-197.407537
79.962371
76.193759
29.462959
381.451402
-276.548408
-714.461225
-425.785478
-250.168117
57.350694
-12.745506
-412.218472
-608.186342
-434.830149
-176.303305
-612.708677
-91.886376
-711.446335
-584.067219
-232.832498
-636.074077
-210.220821
-114.498054
168.147913
-278.055853
196.789371
-137.109731
205.080319
-262.981401
-154.44535
-156.706518
36.246462
-425.031755
-439.352484
-317.249427
-311.973369
-642.85758
-422.016865
-320.264317
-500.404013
-581.806052
-334.585046
-414.479639
-200.422427
-343.629717
-620.245903
-604.417729
-553.918316
-516.232187
-623.260793
56.596971
-54.95397
-490.60562
-2.19339
-190.624034
-85.856596
-658.685754
-442.367375
-589.343277
-840.332896
-284.839356
-156.706518
-776.266476
-703.155386
-342.122272
-440.85993
-431.815259
-485.329562
-724.259619
-529.045471
-648.887361
-966.958289
-535.075252
-247.153227
-185.347976
-458.949271
-701.647941
113.879887
156.088352
-381.315846
-139.370899
-626.275684
183.976087
-516.98591
-201.929873
-306.697311
-686.57349
-327.04782
-348.152053
-411.464749
-397.897743
-143.139511
-556.179484
-95.654989
-639.088967
-1142.575649
-453.673213
-29.327402
-1059.666166
-186.101698
-486.837007
-311.219646
-308.958479
-714.461225
4.590114
-284.839356
-628.536851
-434.076426
-280.317021
-188.362866
-904.399315
-457.441826
12.127339
-278.809575
-333.077601
-252.429285
-835.056837
-373.77862
-72.289589
-366.995117
-359.457891
-206.452208
-723.505896
-67.767254
-621.753348
-489.851897
-162.736299
-156.706518
-555.425761
-121.281557
-370.010007
-319.510595
-272.779795
-137.863453
-458.949271
-36.110906
-635.320354
-545.627368
30.216681
-440.106207
-328.555266
-208.713376
84.484707
-388.853072
-233.586221
-243.384614
-246.399505
-213.989434
-158.213963
-311.219646
-87.364041
-452.165768
-299.160085
-312.727091
-120.527834
67.149088
-99.423602
-538.843865
-361.719059
-178.564473
144.782513
155.334629
330.95199
237.49039
-205.698485
276.683964
9.866172
3.836391
-97.916157
94.2831
-643.611303
-100.931047
-261.473956
272.161629
75.440036
-356.443001
-293.884027
270.654183
-44.401854
-260.720234
-19.529009
159.103242
238.244113
-330.816433
240.50528
-63.998641
147.043681
-16.514119
-400.912633
68.656533
602.292117
336.98177
222.415939
-213.989434
-73.797034
-141.632066
-119.774112
226.938274
-62.491196
-22.543899
168.147913
77.701204
-149.923015
-105.453383
428.182202
-488.344452
-416.740807
52.828359
10.619894
-113.744331
-136.356008
231.460609
226.938274
-100.177325
185.483532
223.169661
91.26821
-662.454367
211.1101
211.863822
-9.730615
-522.261968
-455.934381
114.63361
-69.274699
-55.707693
41.52252
-133.341118
132.722952
-134.094841
419.137531
-288.607969
-400.912633
-547.888536
313.61637
263.116958
5.343836
64.134197
288.743525
81.469817
-385.838181
362.608338
-54.95397
153.073461
-483.822116
88.25332
-335.338769
-46.663022
-251.675563
85.238429
-60.983751
5.343836
-66.259809
-47.416744
-604.417729
-137.863453
-130.326228
-20.282731
64.134197
-418.248252
-40.633241
-67.767254
-202.683595
255.579732
-230.57133
554.807595
-161.982576
-61.737473
11.373617
117.6485
-71.535867
-338.353659
-212.481989
-409.957304
-138.617176
-294.63775
-777.020199
-333.831324
-12.745506
-486.083284
-703.155386
178.700029
-326.294098
251.057396
-159.721408
-331.570156
225.430829
366.376951
-24.051344
-330.062711
-466.486497
-255.444176
-296.145195
210.356377
274.422796
-295.391472
-185.347976
-196.653814
563.852266
-266.750014
-299.913808
-158.967686
-595.373058
-351.166943
-425.785478
-310.465924
-456.688104
-263.735124
-492.113065
-147.661847
-189.870311
-755.915967
-246.399505
128.200616
-87.364041
-343.629717
-431.061536
21.17201
-144.646957
-132.587395
-623.260793
-583.313497
-362.472782
-210.974543
-318.756872
-7.469448
-180.82564
-378.300956
-284.085633
-235.093666
-425.785478
-529.045471
-553.164594
-342.875994
-290.115414
-293.130304
-866.713186
111.61872
-869.728076
-808.676547
-242.630892
-514.724742
-230.57133
-300.66753
-360.211614
-206.452208
-79.826815
182.468642
134.230397
-36.864628
-269.764904
-16.514119
-161.982576
-467.24022
-287.100524
-559.194374
-33.849738
33.985294
-36.110906
-204.19104
-379.054678
-24.805067
-367.74884
-41.386964
-498.896568
-461.964162
-480.053504
-335.338769
-836.564283
-784.557425
-81.33426
-121.281557
-217.758047
-246.399505
-168.012357
5.343836
-461.210439
-293.884027
-147.661847
-824.504721
-464.979052
-366.995117
-229.063885
-700.140496
-426.539201
-511.709852
-477.792336
221.662216
-648.887361
-389.606794
129.708061
-576.529993
-436.337594
-435.583872
-98.669879
25.694346
-75.30448
-272.779795
-564.470432
-669.23787
-318.003149
-380.562123
-106.207105
-493.62051
-458.949271
50.567191
-224.54155
-572.761381
-263.735124
-558.440652
-40.633241
-686.57349
-296.898917
-257.705343
194.528203
-571.253935
-491.359342
-140.878344
-754.408522
-370.010007
-200.422427
-139.370899
-113.744331
187.7447
226.184551
-612.708677
-107.71455
-453.673213
41.52252
-349.659498
-701.647941
134.98412
242.766448
165.886745
-398.651465
-396.390297
-128.06506
-140.878344
-486.837007
-440.106207
167.39419
-489.851897
-786.818593
-529.045471
-54.200247
-630.798019
-515.478465
-386.591904
-333.077601
-486.083284
-162.736299
-370.76373
-415.233362
-702.401664
-419.001975
-238.862279
-25.558789
-526.030581
-143.139511
-552.410871
-477.038613
-614.216122
-384.330736
-409.203581
-353.428111
-964.697121
-468.747665
-493.62051
-199.668705
-627.029406
-477.038613
-568.239045
-646.626193
-173.288415
-627.029406
-451.412046
11.373617
-356.443001
39.261352
-242.630892
-125.05017
-470.25511
-60.230028
614.351679
-366.995117
-303.68242
-395.636575
-344.38344
-769.482973
-576.529993
-449.150878
-333.077601
-296.898917
-728.028232
95.790546
-650.394806
-644.365025
-147.661847
-801.893044
-583.313497
-278.055853
-584.820942
-281.070743
-354.181833
-381.315846
-233.586221
-620.999626
-24.051344
-283.331911
-255.444176
-483.068394
-57.96886
-57.215138
-33.849738
-221.52666
-627.783129
-516.98591
-246.399505
-409.203581
-430.307813
-746.871296
-208.713376
-474.023723
-715.214948
-305.189866
-918.720044
-195.900092
-391.867962
194.528203
-134.848563
-864.452018
163.625577
-315.741982
-167.258634
183.222364
-214.743156
15.895952
-498.142845
-1066.449669
6.851281
-24.805067
98.805436
-528.291749
-586.328387
-391.114239
-499.650291
-288.607969
40.768797
-272.779795
-767.221806
-679.789987
-411.464749
-387.345627
-112.236886
-188.362866
-387.345627
-48.924189
-375.286065
-82.087983
-317.249427
20.418288
-192.131479
85.992152
-566.7316
-495.881678
-198.16126
32.477849
-658.685754
-912.690263
-95.654989
-332.323878
-138.617176
-52.692802
-269.011182
-209.467098
-588.589555
-611.954955
-150.676737
208.09521
-437.845039
-648.887361
-182.333086
-54.95397
-415.987084
-137.109731
431.950815
108.603829
407.07797
-608.940064
-112.990608
379.190235
-241.123447
308.340312
283.467467
-339.861104
-285.593079
-436.337594
-334.585046
-109.975718
278.945132
70.163978
-27.819957
-208.713376
-511.709852
-39.125796
-145.400679
-737.072902
-181.579363
202.819151
-215.496879
-23.297622
-32.342293
133.476674
259.348345
321.153596
-364.733949
-464.225329
-572.007658
-400.15891
469.636944
-383.577014
-81.33426
-167.258634
241.259003
-323.279207
-575.022548
-114.498054
-132.587395
-656.424587
-161.982576
-838.071728
18.15712
-483.068394
-626.275684
-959.421063
73.178868
-401.666356
-95.654989
-79.826815
-82.841705
-586.328387
-392.621685
-275.794685
-440.85993
-447.643433
-330.062711
297.788196
-92.640099
-250.92184
-257.705343
-477.038613
-653.409696
-483.068394
-470.25511
-266.750014
-375.286065
-656.424587
-740.841515
4.590114
-745.363851
-206.452208
44.53741
-260.720234
-222.280382
-368.502562
-556.933206
-261.473956
-33.096015
-352.674388
-259.212788
-199.668705
-676.775096
-49.677912
-244.892059
-559.194374
-158.967686
-370.010007
-618.738458
-436.337594
-379.054678
-109.975718
-825.258444
-807.922825
-289.361692
-84.34915
-87.364041
-734.811735
-464.979052
-595.373058
-682.804877
-593.865613
-291.622859
-508.694962
-212.481989
-367.74884
-24.051344
-728.028232
-535.075252
-856.914792
-413.725917
40.768797
-600.649116
-338.353659
-1010.674198
-831.288225
-483.822116
-904.399315
-495.127955
-905.153037
-551.657148
-715.96867
-936.809385
-798.124431
-791.340928
-212.481989
-704.662832
-235.847389
-261.473956
-761.945747
-606.678897
-597.634226
-686.57349
-818.474941
-137.863453
-186.855421
-281.070743
-447.643433
-516.98591
-875.757857
-957.913618
-708.431444
-397.897743
-98.669879
-673.006483
-530.552916
-159.721408
-684.312322
-813.198883
-43.648131
-972.234347
-947.361502
-817.721218
-1257.895203
-659.439477
-847.870121
-265.996292
-301.421253
-306.697311
-144.646957
-542.612477
-590.097
-785.311147
-1055.14383
-562.209264
-802.646767
-953.391282
-775.512754
-898.369534
-839.579173
-773.251586
-608.940064
-570.500213
-608.186342
-1034.79332
-524.523136
-676.021374
-1575.212408
-125.803892
-915.705153
-991.831134
-807.922825
-873.496689
-1109.411856
-504.172626
-412.972194
-580.298606
6.097559
-231.325053
-405.434968
-574.268826
-136.356008
-388.099349
-333.077601
-236.601111
-400.15891
-860.683405
-897.615811
-491.359342
-450.658323
-550.903426
-850.131289
-864.452018
-627.783129
-1033.285875
-711.446335
-533.567807
-556.179484
-504.172626
-821.489831
-278.809575
-553.164594
-241.877169
-597.634226
-223.034105
-294.63775
-220.772937
-784.557425
-486.083284
-548.642258
-549.395981
-381.315846
-288.607969
-609.693787
-666.22298
-299.913808
-437.091317
-701.647941
-545.627368
-469.501387
-356.443001
-633.059187
-423.52431
-620.999626
-571.253935
-596.880503
-265.996292
-215.496879
107.096384
-358.704169
-836.564283
-153.691628
-184.594253
-814.706328
-203.437318
32.477849
-747.625019
-398.651465
-143.893234
-358.704169
-550.149703
-337.599936
-289.361692
-192.885202
-432.568981
-621.753348
-557.686929
-420.50942
-250.92184
-78.31937
-264.488846
-390.360517
-229.063885
-472.516278
-384.330736
-336.092491
-393.375407
-142.385789
-305.943588
-353.428111
104.081494
-82.841705
-372.271175
-309.712201
-550.149703
-296.145195
-394.12913
-307.451033
-502.665181
-652.655974
-193.638924
-379.808401
-203.437318
-75.30448
-575.776271
88.25332
-250.92184
98.051713
-234.339943
-427.292923
-575.022548
6.097559
-63.244918
-208.713376
116.141055
61.87303
-267.503737
-319.510595
-122.035279
-270.518627
-464.979052
-639.84269
-645.872471
-574.268826
-758.177135
-381.315846
-356.443001
-515.478465
-118.266666
-24.051344
-240.369724
-471.008833
113.879887
-547.888536
-51.93908
-93.393821
15.14223
-547.134813
-682.051154
-199.668705
-315.741982
-106.207105
-621.753348
-489.851897
-149.923015
-317.249427
-171.780969
-533.567807
-6.715725
-333.831324
-348.152053
-146.154402
-507.941239
-436.337594
-992.584856
-483.822116
-229.063885
-651.902251
120.663391
-64.752363
-175.549582
82.977262
27.201791
-221.52666
-415.987084
-129.572505
115.387333
-220.772937
-224.54155
-324.786653
29.462959
-491.359342
-507.941239
-146.908124
-217.004324
-423.52431
-575.776271
-446.135988
-617.984735
-458.949271
-563.71671
-709.185167
-348.905775
-281.070743
-536.582697
-473.27
-437.091317
293.265861
303.817977
334.720603
180.961197
-387.345627
-174.79586
62.626752
333.213157
-321.01804
-641.350135
-67.013531
-318.756872
-842.594063
-147.661847
169.655358
-458.949271
-497.389123
-437.091317
-163.490021
-584.067219
-302.928698
-816.213773
-341.368549
-574.268826
-522.261968
-414.479639
-225.295272
-177.057027
-307.451033
-188.362866
176.438861
-525.276858
-259.966511
-223.787827
-83.595428
-607.432619
376.175344
4.590114
-121.281557
-81.33426
-729.535677
-366.995117
-207.205931
-434.830149
-651.148529
-179.318195
-387.345627
-458.949271
-673.006483
-30.081125
-540.35131
-489.851897
-109.221996
20.418288
-231.325053
-255.444176
-45.155576
-107.71455
-194.392647
-375.286065
124.432003
114.63361
88.25332
20.418288
300.049364
-432.568981