2067.528808
1723.07759
1383.90243
1762.271164
2143.654788
1961.253924
1290.440831
1730.614816
1504.498043
1652.98139
1495.453372
1781.114228
1623.58621
1528.617165
1497.714539
1617.556429
1515.803881
1690.667519
1754.733938
1484.147533
1970.298595
2038.133627
1398.976882
2243.899891
1508.266655
1804.479628
2050.946911
1540.676726
1615.295261
1735.890874
1623.58621
1653.735113
1768.300945
1463.797023
1796.942403
1625.847377
1543.691617
2083.356982
1652.227668
1403.499217
1738.905764
1732.875983
1707.249416
1751.719048
1660.518616
1156.278212
1444.953959
1292.701998
1396.715714
1692.928687
1904.724731
1984.619324
1417.819946
1532.385778
1781.867951
2010.245892
1552.736287
1444.200236
1291.194553
1622.832487
2096.170266
1545.199062
1735.137151
1886.635389
1699.71219
1559.519791
1014.578367
1938.642247
1912.261957
1468.319359
1249.739811
1916.784292
1288.933385
1729.107371
1906.985899
1467.565636
1405.760385
1878.344441
1307.77645
2369.771561
1860.255099
1549.721397
1980.096989
1307.77645
1530.12461
1481.886365
1637.153216
1435.155565
1338.679076
1378.626372
1748.704158
1637.153216
2160.990407
1343.955134
1751.719048
2018.53684
1698.204745
2090.140485
2159.482962
1703.480803
1209.792515
1873.068383
1309.283895
1395.208269
1564.042126
1487.916146
1514.296436
1628.862268
1472.087972
1812.770577
1277.627547
1113.316025
2035.118737
1165.322883
1726.846203
1790.912622
1344.708856
578.172995
1346.970024
1246.724921
1301.746669
1478.117752
1535.400668
1521.079939
1324.358347
1276.873824
1796.18868
1312.298785
1582.885191
1941.657137
1640.168106
1656.750003
1382.394985
1417.819946
1385.409875
1733.629706
1688.406351
1396.715714
1195.471786
1882.113054
1170.598941
1434.401843
2243.899891
2098.431433
1645.444165
1646.95161
1087.689457
1469.073081
1490.177314
1392.947101
1379.380095
1113.316025
1542.937894
1163.815438
1683.884016
1355.260972
1240.69514
1313.052508
1828.598751
1458.520965
1388.424766
929.407716
1164.56916
1298.731779
1429.879507
1153.263322
1992.15655
1533.1395
1787.897732
1601.728255
1224.866966
1564.042126
1718.555255
1159.293102
1650.720223
1280.642437
1646.95161
1923.567796
1470.580527
1542.937894
1661.272339
1342.447688
1758.502551
1390.685933
1656.750003
1331.895572
1358.275863
1367.320533
1818.046635
1557.258623
1585.900081
2031.350124
1398.223159
2053.208079
1324.358347
1729.107371
1292.701998
1750.211603
1488.669868
1504.498043
1266.321708
1662.026061
1578.362855
1789.405177
1096.734128
1350.738637
1698.958467
1364.305643
1870.053493
2116.520775
1184.91967
1573.84052
1453.99863
1308.530172
1368.827979
1389.932211
2072.804866
1167.58405
964.832677
1517.311326
1908.493344
1600.22081
993.474135
1553.49001
1625.093655
1917.538015
1864.023712
1427.61834
1533.1395
1830.859919
1664.287229
1420.834836
1697.451022
2053.961801
1464.550746
1435.909288
1741.920654
1948.440641
2001.201221
1589.668694
1541.430449
1499.975707
1573.086797
1795.434957
1714.032919
1897.187505
1580.624023
1755.487661
1882.866776
1862.516267
1764.532332
1424.603449
1431.386953
1619.063874
1602.481978
1744.935545
1675.593068
2264.2504
2020.798008
2344.144994
1736.644596
1162.307992
1570.071907
1590.422416
1564.795849
1722.323867
1497.714539
2161.74413
2026.827789
1631.877158
2225.810549
1799.20357
2050.946911
2005.723556
1851.964151
1389.932211
1610.772926
1946.179473
1713.279196
1114.82347
2102.953769
1630.369713
2018.53684
1635.645771
1701.973358
2696.133437
1900.202396
1875.329551
2017.029395
2732.312121
2010.245892
1612.280371
2271.033904
2380.323677
2661.462199
2233.347775
1597.20592
1584.392636
2174.557414
2102.953769
1435.155565
1888.896557
1844.426925
1516.557604
2047.178298
1721.570145
1374.104037
1434.401843
1704.234526
1731.368538
1756.241383
1652.98139
2336.607768
2066.021363
1737.398319
1686.898906
1911.508234
1931.105021
1574.594242
2212.997265
1927.336408
1815.031744
2056.222969
2393.136961
1086.935735
2212.243543
1542.184171
2166.266465
1753.980216
2197.169091
1861.762544
1420.081114
1752.47277
2179.833472
1346.970024
2454.942213
1738.905764
1587.407526
2140.639898
2134.610117
2380.323677
1199.240399
1874.575828
2004.969834
2374.293897
2033.611292
1488.669868
1867.038602
1830.859919
2144.408511
1870.053493
2601.918115
2586.843664
1811.263132
1805.233351
1833.874809
1925.075241
1344.708856
2111.244717
1998.940053
2092.401653
1764.532332
1407.26783
1783.375396
2123.304279
1907.739621
2093.909098
1951.455531
2121.043111
1946.179473
1960.500202
1866.28488
1422.342282
1409.528998
2087.879317
1760.009996
2614.731399
1788.651454
2056.976692
1925.828963
2444.390096
1797.696125
1976.328376
2103.707492
2245.407336
1334.15674
1573.086797
1600.974532
1793.927512
1652.98139
1967.283705
2007.984724
1704.234526
2240.131278
1793.927512
2408.211413
2400.674187
2008.738447
1817.292912
1972.559763
2031.350124
1825.58386
2222.795659
2320.779594
1934.873634
1781.114228
1587.407526
1729.107371
2238.623833
1380.88754
1756.995106
1993.663995
1606.25059
1395.208269
1785.636564
1660.518616
2297.414194
2113.505885
1708.756861
2306.458865
1838.397144
2208.47493
1799.20357
1595.698474
1870.053493
1701.219635
1315.313676
1639.414384
1351.492359
1730.614816
2047.932021
1717.801532
2032.857569
2680.305263
1389.932211
1871.560938
2210.736098
1562.534681
1680.869126
2542.374032
1495.453372
1977.082099
1533.893223
1858.747654
2076.573479
2145.162233
1584.392636
2136.117562
2466.248051
2362.988058
1350.738637
2225.056826
2326.055652
2145.915956
2440.621484
1908.493344
2390.122071
2292.138136
1989.895382
2897.377365
2070.543698
1848.195538
2145.915956
1919.799183
1371.842869
2311.734923
2107.476104
1692.174964
1740.413209
2247.668504
2039.641072
1956.731589
2092.401653
2571.015489
1721.570145
2083.356982
2745.879127
2104.461214
1772.82328
1885.881667
2359.973168
2660.708476
2375.047619
2923.757656
2609.455341
2432.330535
2335.854045
2450.419877
2246.914781
2423.285864
2662.969644
1857.240209
2074.312311
2186.616975
2152.699459
2038.88735
2327.563097
2593.627167
2543.127754
1909.247067
1841.412035
2078.834646
2261.23551
2134.610117
1955.977866
2187.370698
2478.307612
2606.440451
1870.053493
2720.25256
2360.72689
2536.344251
2240.885001
2877.780578
2176.064859
2097.677711
2032.857569
2335.100323
2250.683394
2195.661646
2375.801342
2196.415369
2586.089941
2390.875793
2783.565256
2436.852871
2375.801342
2121.043111
2561.970819
2323.040762
2085.61815
2579.306438
2820.497663
2200.183981
2947.876778
3201.881287
2516.747464
2419.517251
2867.982185
2344.144994
1929.597576
2507.702793
2123.304279
2987.824075
3024.002758
2007.231002
2368.264116
2195.661646
2616.238844
2752.662631
2291.384413
2637.343076
2878.534301
2767.737082
2204.706317
2290.630691
2766.229637
3033.047429
2728.543508
2254.452007
2711.207889
2433.084258
2609.455341
2828.034888
2834.818392
3073.748449
2920.742765
2601.918115
2872.50452
2901.145978
3531.258053
3008.174584
2877.026856
3112.1883
3254.641867
3518.444769
3635.271769
3715.920084
3229.015299
3300.618944
3189.821725
3590.802137
3104.651074
3320.215731
2896.623643
3344.334854
3365.439086
3875.709271
4201.317424
3599.846808
3720.44242
4472.657552
3894.552335
4199.056257
4608.327616
3700.845633
4074.692031
4563.857984
4336.987488
4780.930086
3862.142264
4784.698699
4832.183221
4584.962216
4881.175189
5275.372097
5659.770611
5152.515317
5537.667554
6114.265325
5613.039812
6030.602119
6654.684413
6411.985744
6457.209098
6472.28355
6556.700478
6797.137981
7100.888179
7125.761024
7216.961456
7851.595866
7731.753976
7428.003778
7671.45617
8159.114678
7936.012795
7718.18697
8805.054927
7993.295711
8728.928946
8382.970283
8991.224403
9336.429344
9930.362735
8454.573928
10481.33394
1171.352663
112.372442
-1006.905585
14213.01442
12364.88666
5888.148552
10572.53437
7054.157379
15804.8765
5835.387972
9301.758105
11958.63019
10154.21834
10590.62371
10274.06023
13031.93114
12888.72385
12219.4182
12737.22561
12123.69544
13006.30457
12472.66899
13501.50031
12671.65175
12643.01029
12418.40096
13104.28851
12662.60708
12545.78008
11674.47678
12228.46287
12674.66664
12881.94035
11987.27165
12010.63705
12260.11922
12923.39509
13410.29987
13417.8371
13309.30105
13793.19094
14135.38099
14436.87002
14826.5446
14923.77481
14942.61787
15473.23857
14700.67293
14941.86415
15780.75738
15553.88688
15572.72995
15489.06674
15835.77913
15386.56047
16324.19136
16120.68626
16190.78246
16325.6988
16636.23251
16470.41354
16532.97251
17227.90473
16988.97467
17588.18412
17555.77405
17965.04541
18452.70392
18704.44726
18810.72214
18500.18844
19117.48723
19385.05875
19456.66239
19377.52152
19591.57873
19843.32207
20212.64613
20097.32658
20881.19806
21267.85774
20922.6528
21469.85539
22008.76704
22519.79094
22574.05897
22924.53997
22628.327
23085.8366
23490.58562
23148.39557
23752.88108
24212.65185
24364.90381
24658.1019
24164.41361
25028.9334
25350.01922
24955.06859
25605.53118
25121.64128
25515.08447
25527.89775
25877.62503
25689.9481
25877.62503
27051.17108
26452.71535
26822.79314
26412.76806
26877.06116
27084.33487
26702.19753
27286.33252
26868.01649
27578.02316
27431.04726
27470.99455
27476.27061
28161.40444
28108.64386
27815.44577
28089.04707
28930.20146
28641.52572
28471.93814
28637.00338
28668.65973
29790.19893
28961.85781
28571.42952
29552.77631
29633.42463
30185.90328
30442.92268
30594.42092
29522.62741
30138.41876
30349.46108
30657.73361
30441.41523
30714.2628
30464.78063
30617.03259
30707.4793
30916.26046
31455.92582
30690.89741
31785.30259
32277.48343
31805.6531
32285.77438
31605.91661
32397.32532
31494.36567
32188.54417
32165.93249
32075.48578
32351.34824
31983.53163
32805.08923
32715.39625
32563.89801
32260.14781
32551.83845
33412.58963
32640.02399
32747.0526
32814.88763
32845.03653
32690.5234
32870.6631
32761.37332
33626.64684
33229.43505
33569.36393
33527.15546
33099.79476
34179.12549
33885.92741
34168.57338
34197.21483
34429.36139
34008.03047
34302.736
34771.55144
35060.98091
34550.71072
35082.08514
35341.36571
35624.01167
35241.87433
35073.79419
35132.58455
36445.56928
35988.8134
35754.40568
35231.32221
36873.68371
36931.72035
36242.81791
36098.8569
36585.76168
36645.30577
36650.58182
36976.9437
37016.891
37044.02501
37027.44311
37416.36396
37866.33634
36745.55087
37072.66647
37675.64453
37606.30205
37547.51169
37851.26189
38341.93529
37894.9778
38011.8048
38144.45997
38518.30637
39553.16747
39353.43099
38963.00269
39615.72644
39132.59027
39737.07578
39264.49172
40182.52582
39530.55579
39743.85928
40018.96802
39970.72978
40009.16963
40135.79502
40373.97136
39929.27504
40431.25427
39546.38397
40556.37222
41042.52328
40108.66101
41758.55973
41086.23919
41554.30091
41317.63202
41468.37654
40765.15337
41757.05229
41773.63418
41444.25742
42139.94335
41541.48763
41532.44296
42575.595
41962.81855
43387.35422
43021.04505
42104.51839
44254.88891
42671.31777
42999.94082
43849.38616
43176.3119
43342.88459
42223.60656
43969.98177
42788.14477
43236.6097
44154.6438
43094.15614
42690.16084
42785.12988
42821.30856
42725.5858
42662.2731
42706.74273
43217.76664
43109.98431
42895.9271
43229.8262
43144.65555
43602.16515
43422.77918
42962.25469
43908.93024
43884.81112
43531.31523
42848.44258
43473.27859
43014.26154
43113.75292
43428.05524
43118.27526
43056.47001
42792.66711
42893.66593
42884.62126
43302.93729
42724.83207
42745.93631
43236.6097
43283.3405
42923.06111
42589.16201
43108.47687
43103.95453
42472.33501
42636.64653
43300.67612
43509.45728
42876.33031
43984.3025
43094.90986
44098.11461
44288.80642
44612.15341
43859.93828
43904.40791
44111.68162
43816.97609
44728.98041
44217.20278
42926.076
43033.10461
43296.90751
43234.34854
43033.10461
43229.8262
42924.56856
43065.51468
43449.91319
42505.4988
43188.37146
42424.85049
42132.40613
42883.86754
43379.06327
43166.5135
43072.29818
43131.84227
43067.02212
43237.36343
43256.20649
43655.67946
42415.80582
42812.26389
43169.5284
43392.63028
42675.08638
42679.60872
42169.33854
42761.01076
42996.1722
43370.77232
42513.78975
42493.43924
42399.97764
42077.38438
42722.57091
42290.68787
42989.3887
41738.96294
42026.88497
42165.56992
41529.42807
41656.80718
42664.53427
42194.21138
41604.0466
41869.35695
41656.05346
41536.21157
41577.66631
41567.1142
42026.88497
41985.43023
42169.33854
41447.27231
42127.13007
41938.69943
42242.44963
41831.67082
41836.94688
42420.32815
42214.56189
42169.33854
42179.13693
42284.65809
41772.88046
41594.24821
41790.9698
41713.33638
42028.39241
42343.44845
41943.97548
41673.38908
41895.73724
41743.48528
42426.35793
42189.68904
42283.90437
42107.53328
42228.1289
42204.7635
42514.54348
42331.38889
41699.76937
42701.46667
42207.02466
42559.76683
41032.72489
41741.22411
41830.9171
41551.28602
41710.32149
40856.35381
41413.35479
41730.672
41418.63085
40915.14417
41192.51407
41460.83931
41634.94923
40663.40083
41145.78328
41670.37419
41734.44061
41065.88868
41281.45334
41140.50722
41664.34441
41956.03505
41388.48195
41263.364
41593.49449
41793.98469
41114.12693
41295.02035
41503.8015
40798.31717
41019.15788
41372.65377
40727.46724
40915.14417
40843.54052
40588.78229
39838.0746
40728.22097
40695.8109
40375.4788
40555.6185
40348.34479
40494.56697
40248.09969
41120.15671
40879.71921
40135.0413
40057.40787
39657.18118
40104.13867
39795.86614
39875.76073
40251.11458
39573.51798
39471.76543
39125.05305
38714.27424
38459.51601
38840.89963
39088.12064
38953.95802
39402.42295
39727.27738
38743.66942
39665.47213
38251.48858
39193.6418
39567.4882
38704.47585
39137.86633
39423.52719
39302.93157
39428.04952
39002.94999
39135.60516
39346.64748
39301.42413
38802.45978
39103.19509
39264.49172
39117.51582
39360.21449
38958.48036
38540.91805
38203.25033
37935.67882
38415.8001
38638.90198
37723.88277
37500.02717
37420.13258
38134.66158
37657.55519
37552.78775
36797.55773
37587.45899
36780.22211
37217.3812
37595.74994
37099.04676
37910.80597
38127.12435
37470.63199
37803.02364
37472.13943
36844.28853
37040.2564
36895.54166
36674.70095
36066.44683
36624.20153
37053.06968
36701.08124
36642.29088
36855.59436
36943.77991
36015.19369
36584.25424
36918.90706
36510.38942
37333.45448
36512.65059
36282.01148
36276.73543
37032.71917
36375.47308
36085.28989
36180.25894
36159.1547
36190.81105
36282.01148
35970.72406
35612.70583
36578.97818
35125.80105
36021.97719
35363.22366
34845.41625
35183.08397
35275.03812
34935.10924
35818.4721
34652.46327
34405.99599
34912.49756
35118.26382
35611.95211
34980.33259
34504.73365
35030.07828
35140.8755
34525.83788
35366.23855
35608.93722
35523.01285
34820.54341
34648.69466
34673.5675
34475.33847
34459.51029
34332.13118
33332.69504
33751.76479
33667.34786
33413.34335
33252.04672
33669.60903
33636.44524
33438.96992
33380.93328
33599.51283
33548.2597
33892.71091
32722.93347
32956.58747
32895.53594
32943.77419
32774.94033
32456.11568
32777.95522
32855.58865
32511.89115
32685.24734
32585.75596
32933.9758
32864.63332
33555.79692
32349.08708
32940.7593
32277.48343
32112.41819
32303.11
31944.33805
32386.01948
32536.01027
32446.31729
32233.76752
32049.85921
32279.7446
31699.37821
32376.22109
31737.06434
31419.74714
31828.26477
31994.08374
31388.84451
30718.03142
30944.14819
31731.78828
31139.36234
30747.4266
31244.8835
30656.22617
30990.87899
30314.78984
30861.99243
30421.81844
30512.26515
30847.6717
30826.56747
30709.74047
30868.02221
30264.29043
31180.06336
30299.71539
31675.25909
29850.49673
31669.22931
28360.3872
32467.42152
33344.7546
30880.08177
30439.90779
30764.0085
34179.12549
29263.34684
32364.16153
29153.30335
32225.47657
28880.45577
30188.91817
28311.39523
28902.31373
28301.59683
28820.15797
27810.92344
27779.26709
27649.62681
28013.67481
27715.95439
27581.03805
27682.7906
28541.28061
27158.95341
27334.57077
27658.67148
27711.43206
27437.07704
27841.07234
26655.46673
28278.23143
28447.81901
27669.97732
27103.93166
26687.8768
27058.7083
26534.87111
26617.7806
26487.38659
26798.67402
26016.30998
26447.43929
26369.80587
25726.12679
25639.44869
25588.19556
25905.51276
25637.18752
26090.92852
26320.06018
26006.51159
25579.15089
25351.52667
25176.66303
25615.32957
25298.01236
24830.70437
24207.37579
24528.46161
24393.54527
24529.21534
24500.57388
24619.66204
24616.64715
23783.78371
23929.25216
23101.66477
23704.64284
23321.75177
23814.68633
23656.40459
23501.89146
23127.29134
23299.14009
23247.13323
22894.39107
22975.03938
22736.10932
22653.95356
22506.22394
22707.46787
22316.28585
21917.5666
22276.33855
22519.03722
22269.55505
22801.68319
21959.77507
21689.94239
21621.35363
21589.69728
22332.11402
22536.37284
20947.52565
21426.89321
21501.51174
21461.56445
21041.74097
21461.56445
21098.27016
21549.74999
21207.55994
21426.89321
21090.73294
20890.24273
20068.68512
20834.46726
20260.88438
21080.18082
20199.83285
21562.56327
20687.49136
21466.08678
20122.19943
20821.65398
22421.05329
20615.13399
20023.46177
18807.70725
19976.73097
19041.36125
19152.15847
19063.2192
19170.24781
19174.77015
19345.86517
19489.82618
19066.98782
18725.55149
18334.36947
18245.43021
18260.50466
18379.59283
18509.98683
19389.58108
19303.65671
18425.5699
18581.59048
18418.03268
17891.93432
18056.99956
20487.75488
19368.47685
18604.95588
18066.79796
18263.51955
17998.2092
18274.82539
16667.13513
18243.92276
17074.14532
16917.37103
17744.95842
17893.44176
17659.78777
17169.11437
16924.15453
17638.68353
16981.43745
17271.62064
17804.5025
17428.39493
17628.13142
17635.66864
17364.32852
17700.48878
17616.07186
16869.13278
17121.62985
16982.19117
17067.36182
16444.78697
16266.90844
16216.40903
15775.48132
16234.49837
15711.4149
15609.66236
16229.22231
15777.74249
15669.96016
15805.63023
15360.18018
15303.65099
15449.11945
15233.55479
14650.92724
15485.29813
16122.19371
15329.27756
15755.88454
15542.58105
15643.57987
15783.01855
15949.59124
15697.09417
16051.34379
15952.60613
16134.25327
15599.11024
15466.45507
15660.91549
15699.35534
15995.56831
15484.54441
15529.76776
15946.57635
15432.53755
14858.95467
15331.53872
14912.46897
15315.71055
14939.60298
15489.06674
14803.93292
15082.05655
14673.53891
14576.3087
14571.78637
15036.07947
15142.35436
14677.30753
14742.88139
14673.53891
14623.79322
14978.04284
14240.90215
14262.00639
14600.42782
14427.82535
14194.17135
13764.54949
13591.94702
13656.76716
14344.91587
13701.23679
13678.62511
13482.65724
13695.20701
13796.20583
13958.25619
13206.79478
13544.46249
13080.92311
13689.93095
13150.26559
12621.15234
13230.16018
13417.8371
13349.24835
13521.85082
14008.7556
13646.96876
13383.91958
13864.79459
13586.67096
13613.05125
13370.35258
13511.2987
14000.46465
13323.62178
13177.3996
12558.59336
12401.81907
12584.21993
13135.19113
13083.18428
12258.61178
12467.39293
12588.74227
12101.08376
12308.35747
11933.75735
11703.87196
11808.6394
11975.96581
12086.00931
12149.322
11465.69563
12009.88333
9948.452076
14778.30635
13701.23679
15884.01737
14262.76011
11781.50538
12445.53498
12223.94054
13455.52323
11436.30044
11362.43563
10869.50107
10878.54574
10126.33061
12245.04477
11455.14351
9741.178368
8399.55218
8185.494968
9472.099408
9470.591962
7967.669143
7468.704797
8073.190304
7634.523764
7985.758485
7908.12506
7079.783947
7543.323332
6730.056671
7152.895037
8987.45579
7589.300409
6944.113883
7882.498492
7045.112708
8441.006922
8204.338032
6970.494173
9037.20148
7033.053147
7175.506714
7605.882306
6843.115058
7719.694415
7939.027685
7269.722037
7291.579991
6103.713209
6301.188525
6081.855255
5408.027271
5955.229862
6059.243577
5436.668728
5471.339967
4851.026286
4710.080164
4567.626597
4302.31625
4098.057431
3808.627961
3839.530587
3485.280976
3963.14109
3825.209858
4306.838585
3839.530587
3187.560558
3415.938499
3573.466517
3550.101117
2760.199856
3342.073686
3287.805661
3180.023332
2927.526269
3192.836616
2934.309772
2797.132263
3222.231796
2063.006472
2368.264116
2842.355617
2660.708476
2081.095814
1701.219635
1957.485312
1340.940243
2053.961801
1928.843854
2208.47493
1948.440641
2106.722382
1782.621674
1760.763719
1627.354823
1726.846203
1773.577003
1700.465913
1361.290753
2054.715524
1958.992757
1977.082099
1986.126769
1864.023712
1664.287229
1913.015679
1884.374222
2085.61815
1826.337583
1745.689267
1626.6011
1594.191029
2526.545857
1839.150867
1741.920654
1619.063874
2087.125595
1068.846393
1668.055842
1646.95161
1454.752352
1781.867951
1632.630881
1466.058191
1297.978056
1940.149692
1736.644596
1406.514107
1457.01352
1867.038602
1478.117752
2616.992567
1745.689267
1652.227668
1633.384603
1788.651454
1657.503726
1002.518806
1499.975707
1899.448673
1916.03057
1206.023902
1652.98139
1715.540364
1419.327391
1734.383429
2014.014505
2005.723556
1217.329741
2193.400478
1326.619514
1208.28507
1677.854235
1766.039777
2001.954944
2047.178298
1698.958467
965.5864
1628.108545
1847.441815
1263.306818
1484.147533
1745.689267
1851.964151
1761.517441
1785.636564
1997.432608
1848.195538
1371.089146
1346.216301
1196.225508
1102.763909
1901.709841
1196.225508
1029.652819
2106.722382
1607.758036
1939.39597
2088.63304
1576.101687
1441.939069
1461.535856
1206.777624
1785.636564
1892.66517
1514.296436
1518.818772
1362.798198
1136.681425
1543.691617
1568.564462
1660.518616
1414.051333
2057.730414
1621.325042
1386.91732
1610.019203
1197.732954
1134.420257
1447.968849
1705.741971
1144.218651
1063.570335
1415.558778
802.0286
1322.097179
1489.423591
1086.935735
1195.471786
1359.783308
1489.423591
1639.414384
1339.432798
1575.347965
2568.000599
1299.485502
1387.671043
1273.105211
1330.388127
1215.822295
1614.541539
1342.447688
1600.974532
1229.389302
1665.040952
1608.511758
1032.667709
1342.447688
979.153406
1158.53938
1166.830328
1977.082099
1372.596592
1368.827979
1544.445339
1839.150867
983.675742
1255.015869
1234.66536
1753.980216
2118.02822
1562.534681
1930.351299
1585.900081
1444.953959
1175.874999
1213.561128
1650.720223
1666.548397
974.631071
1235.419082
1713.279196
1329.634405
872.1248
1123.114418
785.446704
1684.637739
1787.144009
1325.112069
1726.846203
1181.151057
1487.916146
1972.559763
1536.154391
1829.352473
1444.200236
1245.971199
1793.927512
1431.386953
1510.527823
1425.357172
1420.081114
1526.355997
1193.210618
1503.74432
1480.37892
1218.837186
1482.640088
1587.407526
1590.422416
2240.885001
1494.699649
1676.34679
1412.543888
1395.208269
1781.114228
1404.25294
1612.280371
1774.330725
1432.140675
1469.073081
1359.783308
1634.892048
1971.052318
1436.663011
1652.227668
1337.925353
1429.879507
1564.042126
1335.664185
1386.163598
1529.370888
1149.494709
1579.8703
1913.769402
1588.914971
1535.400668
1731.368538
1618.310152
1619.817597
1504.498043
1443.446514
1417.819946
1486.408701
1240.69514
1689.913797
1610.772926
1663.533506
1491.684759
1291.194553
1262.553095
1396.715714
1879.098163
1774.330725
1407.26783
1778.099338
1155.524489
1857.993931
1731.368538
2111.99844
1797.696125
1233.911637
1913.769402
1083.167122
1204.516457
1778.853061
1306.269005
1499.221985
1230.896747
1236.172805
1498.468262
1687.652629
912.825819
1208.28507
1712.525474
1441.939069
1573.84052
1632.630881
1357.52214
1980.850711
1676.34679
1361.290753
1881.359331
1548.213952
1608.511758
1341.693966
1635.645771
2048.685743
2043.409685
1816.53919
1703.480803
1625.847377
1512.788991
1660.518616
1560.273513
2025.320343
1542.937894
1502.236875
1596.452197
1782.621674
1564.795849
1565.549571
1561.780958
1554.997455
1343.955134
1300.239224
1377.118927
1337.925353
1071.107561
1377.118927
1720.0627
1438.170456
1754.733938
2275.556239
1540.676726
1691.421242
1295.716889
1739.659487
1633.384603
1355.260972
1386.91732
2027.581511
1608.511758
1072.615006
923.377935
984.429464
1108.793689
1597.20592
1127.636754
1656.750003
991.212967
1322.097179
1521.079939
1604.743145
1330.388127
1469.826804
1004.026251
1517.311326
1784.129119
1517.311326
1969.544873
1469.073081
2434.591703
784.692981
897.751368
1324.358347
1558.012346
1342.447688
1170.598941
1417.819946
1512.788991
976.892238
1625.093655
1328.126959
1481.886365
1000.257638
1503.74432
1350.738637
1362.044475
1854.225318
1763.778609
2097.677711
848.005678
1131.405367
1581.377745
1346.216301
2044.163408
1297.978056
1415.558778
1605.496868
1285.164773
2071.297421
1191.703173
1284.41105
1559.519791
1360.53703
1452.491185
2034.365014
1409.528998
2002.708666
1561.780958
1573.086797
1643.936719
1642.429274
1693.682409
1442.692791
1456.259798
1583.638913
1904.724731
1332.649295
1160.046825
1483.39381
1046.988438
1692.928687
2112.752162
1289.687108
1568.564462
1594.191029
1377.87265
1450.98374
1812.016854
1645.444165
1657.503726
1297.978056
1890.404002
2016.275673
1995.17144
2060.745305
1469.073081
1837.643422
1153.263322
1250.493534
1605.496868
1600.22081
1517.311326
1666.548397
1583.638913
1723.07759
1870.053493
2418.009806
1993.663995
2010.245892
2160.990407
1618.310152
1848.195538
1562.534681
1607.758036
1823.322693
1676.34679
1788.651454
1345.462579
1550.47512
1939.39597
2066.775085
2592.119722
1924.321518
1652.98139
1833.121086
1963.515092
1371.842869
2060.745305
1619.063874
1449.476294
2076.573479
1498.468262
2470.016664
1922.06035
2008.738447
1926.582686
2050.946911
1744.181822
1847.441815
1976.328376
2426.300755
2029.088956
1697.451022
2166.266465
2302.690252
1597.959642
2318.518426
2208.47493
1966.529982
2102.200046
2198.676536
2135.36384
1613.034094
1619.063874
1781.114228
1835.382254
2044.163408
1714.032919
1614.541539
2280.832297
1968.79115
2237.87011
2052.454356
2133.856395
1967.283705
1381.641262
1711.018029
1252.754702
1887.389112
1871.560938
2150.438291
1867.792325
1933.366189
1794.681235
2222.041936
2155.714349
1419.327391
1701.219635
1787.144009
1824.076415
1616.048984
1763.778609
2003.462389
1869.29977
1962.007647
2023.812898
2075.066034
1562.534681
1517.311326
1983.111879
2001.954944
1779.606783
1719.308977
1781.114228
1362.044475
1837.643422
1356.768417
1876.083273
1920.552905
1695.943577
1894.172615
1396.715714
1621.325042
1756.995106
1839.904589
1250.493534
1281.39616
1548.213952
1490.931036
1715.540364
1800.711015
2640.357967
2115.01333
1971.052318
2035.87246
1502.990597
1527.863442
1570.825629
1653.735113
1917.538015
1625.093655
1776.591893
1302.500392
1162.307992
1515.803881
1705.741971
1405.006662
1680.115403
1910.754512
1106.532522
1326.619514
1652.98139
911.318374
1783.375396
1523.341107
1809.001964
1172.106386
1556.5049
1534.646946
1562.534681
1506.75921
1460.782133
1088.44318
1700.465913
1095.226683
968.60129
1634.138326
1536.908113
1060.555444
1683.884016
1395.961991
1539.923004
2111.99844
1774.330725
1727.599925
1636.399494
1391.439656
1131.405367
1459.274688
1400.484327
1404.25294
830.670058
1279.888715
1423.096004
935.437497
1962.76137
1310.037618
802.782323
1533.893223
1524.09483
1645.444165
1270.090321
1587.407526
1411.036443
1683.130293
1309.283895
1612.280371
1395.208269
1618.310152
1490.177314
1943.918305
1330.388127
1174.367554
1401.238049
1918.291737
1143.464928
1687.652629
1254.262147
1437.416733
1490.931036
1941.657137
1507.512933
1147.987263
1784.882841
1170.598941
2185.10953
1605.496868
1319.082289
1218.837186
1168.337773
1414.805056
1432.140675
1659.764893
1213.561128
1535.400668
569.128324
1203.009012
1342.447688
1735.890874
1278.381269
1169.091496
2130.087782
1563.288404
1594.191029
1323.604624
1078.644786
1661.272339
1236.926528
1539.169281
1478.871475
1343.955134
860.818962
1896.433783
1349.231192
1707.249416
1545.199062
1279.888715
2050.193189
1564.042126
1912.261957
1227.128134
1339.432798
1324.358347
1689.913797
1346.970024
1297.978056
1136.681425
1264.06054
972.369903
1279.134992
1468.319359
1071.861283
1261.04565
1368.074256
1792.420067
1628.108545
1888.142834
1518.065049
1221.098353
1388.424766
1544.445339
1010.809754
1882.113054
1611.526649
1381.641262
2035.118737
1548.213952
1804.479628
1356.768417
1938.642247
1048.495883
1574.594242
1310.79134
1492.438481
2078.080924
1100.502741
1212.807405
1083.920844
1631.123436
1124.621864
1276.873824
1538.415559
1594.944752
1568.564462
1925.075241
1616.802707
1420.834836
1580.624023
1946.179473
1585.900081
937.698664
1465.304469
1228.635579
1846.688093
1603.2357
1457.767243
770.372252
1936.381079
1640.921829
1078.644786
1684.637739
1420.081114
1405.006662
1227.881857
963.325232
1270.844044
1718.555255
1472.841694
1516.557604
1469.826804
1472.087972
1711.771751
817.103052
1322.850901
1359.029585
1440.431623
990.459245
1245.971199
1594.191029
1236.926528
1739.659487
1310.037618
1685.391461
1239.187695
1514.296436
1657.503726
1459.274688
1417.066224
1350.738637
1334.910463
1279.134992
1401.238049
1532.385778
1995.17144
1453.99863
924.131658
1560.273513
1424.603449
1127.636754
1010.056032
1372.596592
1405.006662
1089.950625
1628.108545
1313.80623
1519.572494
1241.448863
1472.087972
1380.133817
1414.051333
1107.286244
1209.792515
1671.824455
1442.692791
1426.110895
1374.857759
1698.204745
1318.328566
1281.39616
1107.286244
1275.366379
1098.995296
1359.783308
1645.444165
1554.997455
1928.843854
1289.687108
1831.613641
1322.850901
1079.398509
1334.910463
1336.417908
1404.25294
1438.924178
961.064064
1247.478644
1505.251765
1665.040952
1152.509599
1752.47277
1352.246082
1287.42594
1594.944752
1080.152232
1095.980406
1236.172805
1627.354823
1450.98374
1324.358347
1015.33209
1340.186521
1141.20376
1270.090321
1536.154391
1290.440831
1062.06289
1475.102862
1136.681425
1422.342282
1515.803881
1783.375396
1432.894398
1741.166932
1711.771751
1692.928687
1321.343456
1842.165757
1252.000979
1208.28507
878.908303
1465.304469
1439.677901
1264.06054
1308.530172
1407.26783
1386.163598
1741.920654
1616.048984
1573.086797
1281.39616
1637.153216
1574.594242
1534.646946
1539.923004
1407.26783
1885.881667
1420.834836
1431.386953
2137.625008
1596.452197
1769.80839
1557.258623
1252.754702
1930.351299
1854.225318
1760.763719
1635.645771
1255.769592
1757.748829
1694.436132
1497.714539
1426.110895
1364.305643
1518.818772
1268.582876
1778.099338
1815.031744
1781.114228
1490.931036
1319.836011
2004.216111
1952.962976
1785.636564
1491.684759
1968.79115
1416.312501
1525.602275
1333.403017
1900.956118
1447.968849
1890.404002
997.996471
1453.99863
1862.516267
1716.294087
1763.024887
1998.940053
1328.880682
1146.479818
2036.626182
1591.929862
1723.831313
1540.676726
1461.535856
1797.696125
1476.610307
1103.517631
1649.9665
1905.478454
1562.534681
1432.140675
1379.380095
1327.373237
1152.509599
1793.927512
1280.642437
1226.374412
1244.463753
1412.543888
1554.997455
1245.217476
1283.657327
1658.257448
1669.563287
1670.31701
1494.699649
1271.597766
1036.436322
1561.027236
1847.441815
1005.533696
1588.914971
1569.318184
1261.799373
1110.301135
1876.836996
1488.669868
1480.37892
1548.967675
1022.115593
1580.624023
823.886555
1133.666534
1484.147533
1469.826804
1479.625197
1106.532522
1274.612656
1142.711205
987.444354
1398.976882
1435.155565
1035.682599
1278.381269
1796.942403
1521.833662
1398.976882
994.227858
1646.95161
1398.976882
736.454736
1141.957483
1218.837186
628.672408
1545.952784
1067.338948
1071.861283
952.019393
1028.899096
1123.868141
1157.785657
1127.636754
1545.952784
1353.753527
1375.611482
1272.351489
998.750193
1507.512933
1793.17379
1513.542713
1151.755876
1178.889889
1469.826804
979.907129
1423.849727
887.952974
1429.125785
1028.145374
1446.461404
1109.547412
759.066414
1058.294277
1242.202586
1276.873824
855.542903
862.326407
1171.352663
1192.456896
1249.739811
1489.423591
1297.224334
1492.438481
1066.585225
1093.719238
920.363045
1456.259798
1203.762734
1458.520965
1179.643612
1511.281546
1481.886365
1178.136167
1449.476294
1574.594242
1375.611482
984.429464
1331.14185
912.072097
1007.041142
1662.779784
988.198077
1039.451212
1337.925353
1389.932211
1119.345806
1237.68025
1220.344631
906.042316
1382.394985
1291.948276
1323.604624
1311.545063
1552.736287
1321.343456
908.303484
858.557794
1408.775275
1172.106386
1164.56916
1035.682599
1344.708856
1360.53703
1356.014695
1383.90243
1928.843854
1480.37892
1432.140675
909.057206
1285.164773
1457.01352
970.862458
1253.508424
1183.412225
1191.703173
1252.754702
1935.627357
1461.535856
1562.534681
1269.336598
1508.266655
1352.999805
1253.508424
1551.982565
1417.819946
1164.56916
1361.290753
1415.558778
1238.433973
1953.716699
1358.275863
1226.374412
1661.272339
1228.635579
872.878523
1842.91948
1736.644596
1460.782133
1267.829153
1877.590718
1265.567986
1862.516267
1398.976882
940.713555
1664.287229
1442.692791
1541.430449
1880.605609
1746.44299
1242.956308
1281.39616
1802.218461
1566.303294
2003.462389
1316.821121
1567.810739
1295.716889
767.357362
1551.982565
1682.376571
1189.442005
1468.319359
1273.105211
1322.097179
1906.985899
1450.98374
1174.367554
2257.466897
1851.964151
1929.597576
1613.034094
1635.645771
1854.225318
1535.400668
1355.260972
1520.326217
1578.362855
1672.578177
1344.708856
1636.399494
1468.319359
1614.541539
2071.297421
1542.184171
1313.052508
1459.274688
1735.890874
1259.538205
1914.523125
1827.845028
1640.921829
1733.629706
1581.377745
1305.515282
1625.847377
2290.630691
1973.313486
1631.123436
1268.582876
1285.918495
1949.194363
1564.042126
1401.991772
1378.626372
1736.644596
1603.989423
1622.078765
1712.525474
1400.484327
1545.199062
1585.146358
1267.075431
1398.223159
2159.482962
1662.026061
673.895762
1434.401843
1585.900081
1469.826804
1031.160264
1331.895572
1611.526649
1792.420067
1294.963166
1267.829153
1960.500202
1888.142834
2133.102672
2145.915956
2220.534491
943.728445
1724.585035
1878.344441
1582.885191
2111.99844
1588.161249
1631.877158
1773.577003
1440.431623
1518.065049
1643.182997
1848.94926
1471.334249
249.549951
1610.772926
1607.004313
1597.959642
1965.022537
2032.103847
2347.159884
1215.068573
1421.588559
923.377935
1314.559953
1285.918495
1130.651644
1414.051333
1624.339932
1481.132643
1455.506075
1524.848552
2461.725716
1376.365204
1680.115403
1568.564462
1281.39616
1115.577193
1594.944752
1381.641262
1082.413399
1610.772926
1304.007837
1571.579352
2632.067018
2124.811724
1743.4281
1300.239224
1438.924178
1374.857759
1634.138326
1502.990597
1264.06054
1479.625197
1567.057016
1983.865602
2077.327201
1447.215127
1729.107371
1851.210428
1395.208269
1708.756861
1782.621674
1444.953959
1919.799183
1087.689457
1300.992947
1845.180647
2132.348949
2112.752162
1790.158899
1719.308977
1597.959642
1620.571319
2216.012156
2082.603259
1334.15674
1242.202586
1655.996281
1570.071907
1300.992947
1502.990597
1869.29977
1518.818772
1571.579352
1833.121086
1514.296436
2076.573479
1726.09248
1355.260972
1985.373047
1542.184171
1677.854235
1594.191029
1557.258623
1949.948086
1990.649105
1447.968849
1615.295261
2069.789976
1169.091496
1824.830138
1444.953959
2163.251575
2159.482962
1659.764893
1577.609133
1766.039777
2066.021363
1141.20376
1240.69514
1835.382254
1318.328566
1296.470611
891.721587
1297.978056
1602.481978
1796.942403
1726.09248
1557.258623
1515.050159
1671.824455
1831.613641
1881.359331
1897.941228
1512.788991
1712.525474
1598.713365
1464.550746
1270.844044
1485.654978
1699.71219
1805.987073
2098.431433
1640.921829
1640.168106
1921.306628
1738.905764
1560.273513
1403.499217
1677.854235
1461.535856
1564.795849
1367.320533
1594.944752
1577.609133
1190.94945
1475.102862
1580.624023
1615.295261
1490.931036
1833.874809
1362.044475
1216.576018
1582.131468
1483.39381
1643.182997
1484.147533
1893.418892
1689.913797
1729.861093
1661.272339
1720.816422
1606.25059
1988.387937
1527.10972
1537.661836
1078.644786
1110.301135
1465.304469
1196.979231
1215.068573
1506.005488
1497.714539
1346.970024
1498.468262
1501.483152
1381.641262
1040.204935
1984.619324
995.735303
1791.666345
1373.350314
1598.713365
1270.090321
1651.473945
1440.431623
1337.17163
1677.100513
1861.762544
1840.658312
1108.039967
1322.850901
1189.442005
1417.819946
1996.678886
1346.216301
786.954149
1305.515282
1028.899096
1267.075431
1133.666534
1336.417908
1183.412225
1401.238049
1214.31485
1931.858744
1495.453372
1175.874999
1454.752352
1357.52214
866.09502
1121.606973
1307.022727
1971.052318
1274.612656
1331.895572
1527.10972
1604.743145
1456.259798
1037.190045
1770.562112
1080.905954
1194.718063
1223.359521
1431.386953
1177.382444
1309.283895
1579.8703
1428.372062
1383.90243
1411.036443
1113.316025
843.483342
1062.816612
1025.884206
1620.571319
1447.968849
1782.621674
2006.477279
1531.632055
1459.274688
1269.336598
1525.602275
1777.345616
851.020568
1385.409875
1564.042126
1190.195728
1337.17163
1383.90243
1546.706507
946.743335
1295.716889
1610.772926
1416.312501
1144.972373
1140.450038
1233.157915
1637.153216
1624.339932
951.265671
1701.973358
1348.477469
1530.12461
1949.194363
1511.281546
1589.668694
1813.524299
1456.259798
1475.856585
1222.605799
1445.707682
1508.266655
1248.232366
1582.131468
1797.696125
1227.881857
1408.021553
1552.736287
1526.355997
1088.44318
1600.22081
1961.253924
2025.320343
1753.980216
1643.936719
1879.098163
1435.155565
1777.345616
1688.406351
2050.193189
1470.580527
1460.782133
1393.700824
1642.429274
1607.004313
1120.099528
1667.302119
1800.711015
1022.869316
1595.698474
1547.460229
1848.94926
1935.627357
1637.153216
1317.574843
1585.900081
1716.294087
1221.098353
1637.906939
1521.079939
1269.336598
1870.053493
1801.464738
1294.963166
1140.450038
1313.052508
2039.641072
1427.61834
2031.350124
2130.841504
2023.812898
1389.178488
1559.519791
2108.98355
2193.400478
1755.487661
1909.247067
1894.172615
1777.345616
1760.763719
1701.973358
2001.954944
1597.20592
1554.997455
1496.207094
1934.873634
1790.158899
1621.325042
1470.580527
1491.684759
1743.4281
1881.359331
1952.962976
1565.549571
1830.106196
1466.058191
2248.422226
2356.958278
2148.177124
1836.135977
1858.747654
1525.602275
1796.18868
1710.264306
1390.685933
1491.684759
1457.767243
1809.001964
1763.778609
1763.024887
1842.165757
1551.228842
2631.313296
1622.078765
1319.082289
945.23589
1812.770577
1693.682409
1649.9665
1628.862268
2206.967485
1738.152042
1603.2357
1804.479628
1083.167122
1848.94926
1709.510584
1666.548397
1499.221985
1720.816422
1356.768417
1142.711205
1619.063874
1634.892048
1515.803881
1533.1395
1294.209443
2133.856395
1080.152232
1533.1395
1677.854235
1735.137151
1255.015869
1239.187695
1480.37892
1683.130293
1558.766068
1436.663011
1340.940243
1009.302309
1517.311326
1469.826804
1522.587384
1164.56916
1759.256274
1025.130483
1511.281546
1261.799373
1362.044475
1380.133817
1503.74432
1752.47277
1868.546047
1306.269005
1414.805056
1932.612466
1649.9665
1163.061715
1350.738637
1432.894398
1228.635579
1149.494709
1300.239224
1439.677901
1426.110895
1027.391651
1475.102862
1291.948276
1296.470611
580.434163
1493.945926
869.10991
1224.113244
1873.822105
878.154581
967.847567
1012.3172
1340.940243
1444.953959
1769.054667
1443.446514
1188.688283
1425.357172
1340.186521
1656.750003
1692.928687
1190.195728
1368.827979
1046.988438
1180.397334
1248.986089
1568.564462
1367.320533
1462.289578
799.767433
1527.10972
1152.509599
1156.278212
1324.358347
1109.547412
1351.492359
1242.202586
1082.413399
2084.110705
1328.126959
1661.272339
1746.44299
974.631071
1092.211793
1109.547412
1430.63323
1610.772926
1307.77645
1102.010186
1527.10972
1263.306818
1616.048984
1839.150867
1475.102862
1034.175154
1740.413209
877.400858
1340.186521
1267.829153
2170.788801
958.049174
1682.376571
1690.667519
1038.69749
1083.167122
1726.09248
1635.645771
1594.191029
1706.495693
1031.913987
1317.574843
1031.160264
1533.1395
1506.75921
845.74451
1202.255289
1640.168106
1426.864617
1598.713365
1801.464738
1482.640088
1294.209443
1233.157915
1524.09483
1337.17163
1295.716889
1530.12461
1556.5049
1193.210618
1116.330915
1580.624023
1148.740986
1462.289578
1584.392636
1502.236875
966.340122
1075.629896
1171.352663
1665.040952
1221.852076
1169.091496
1250.493534
1138.18887
1939.39597
1133.666534
1476.610307
1153.263322
875.893413
1224.866966
1621.325042
936.944942
1720.816422
1579.8703
895.4902
918.101877
831.423781
1058.294277
792.230207
1200.747844
1790.158899
1366.566811
1608.511758
1436.663011
1624.339932
1035.682599
1952.962976
1397.469437
849.513123
1285.164773
892.47531
2026.827789
1686.898906
1204.516457
1403.499217
1212.053683
1027.391651
511.091686
1662.026061
1214.31485
891.721587
1151.755876
1431.386953
1186.427115
1578.362855
1359.783308
1505.251765
1027.391651
827.655168
1457.767243
1460.02841
1925.075241
1370.335424
1514.296436
1605.496868
1545.199062
1848.195538
1576.85541
1206.777624
1316.067398
803.536046
1537.661836
1857.240209
1108.793689
1126.883031
1083.920844
1407.26783
936.191219
851.020568
1134.420257
1181.904779
983.675742
1147.987263
1350.738637
1008.548587
1803.725906
1924.321518
1484.147533
1243.710031
1642.429274
1606.25059
1352.999805
1494.699649
1223.359521
1276.120102
1032.667709
1708.003138
943.728445
746.25313
1352.999805
1098.241573
816.349329
1016.839535
1593.437307
1653.735113
1195.471786
1056.033109
1680.115403
1417.066224
1126.883031
924.885381
1586.653803
1725.338758
1255.769592
1021.36187
1592.683584
1084.674567
1347.723746
1374.857759
1223.359521
1424.603449
1604.743145
1362.798198
1364.305643
1360.53703
1040.958657
1209.038792
1006.287419
1028.145374
1250.493534
1238.433973
1288.933385
1582.131468
1144.218651
1766.039777
1601.728255
1363.551921
1436.663011
1577.609133
1387.671043
1052.264496
1096.734128
1794.681235
1622.078765
1484.147533
1352.246082
1605.496868
1343.955134
1555.751178
1563.288404
1589.668694
1018.34698
1428.372062
1163.061715
1072.615006
1433.64812
1509.774101
1818.800357
1108.039967
1507.512933
1362.798198
1615.295261
1836.135977
1401.238049
1726.846203
1717.047809
1824.076415
1992.15655
1502.236875
1663.533506
1812.016854
1627.354823
1577.609133
1383.90243
1471.334249
1612.280371
1490.177314
1840.658312
1386.91732
1794.681235
1417.066224
1851.210428
1511.281546
1642.429274
1866.28488
1897.187505
1755.487661
1594.191029
1832.367364
1593.437307
1666.548397
1639.414384
1606.25059
1899.448673
1818.046635
1674.839345
1759.256274
1799.20357
1684.637739
1438.924178
2039.641072
1949.948086
1747.950435
1617.556429
1328.126959
1442.692791
1756.995106
1569.318184
1351.492359
1590.422416
1550.47512
1619.817597
1609.265481
2099.938879
1897.187505
1536.154391
1559.519791
1711.771751
1772.069557
2069.036253
1659.764893
1668.809564
1454.752352
2127.826614
1846.688093
1773.577003
2089.386763
1756.241383
1777.345616
1798.449848
1937.134802
1567.057016
1363.551921
1399.730604
1554.997455
1865.531157
1833.874809
1572.333075
1662.779784
2072.804866
2051.700634
1704.234526
2032.103847
2133.856395
1841.412035
1872.31466
1555.751178
1530.12461
1657.503726
1876.083273
1292.701998
1963.515092
1839.150867
1723.831313
1603.989423
1893.418892
1925.828963
1886.635389
1423.096004
1322.850901
1362.798198
1655.242558
1489.423591
1839.904589
1711.018029
1906.985899
1964.268815
1853.471596
1825.58386
1370.335424
1803.725906
1319.836011
1737.398319
1788.651454
1519.572494
2335.854045
1309.283895
1317.574843
1576.101687
1854.979041
1919.799183
1802.218461
1776.591893
1345.462579
1710.264306
1464.550746
1546.706507
795.99882
1368.827979
1356.014695
1481.132643
2274.048794
1759.256274
1735.137151
1759.256274
842.72962
1301.746669
1532.385778
1492.438481
1094.47296
1710.264306
1295.716889
1740.413209
1652.227668
1304.76156
1499.221985
1359.783308
2075.066034
1615.295261
982.168296
1397.469437
1463.797023
1550.47512
1408.021553
1395.208269
1353.753527
1157.031934
1977.082099
1131.405367
1653.735113
1373.350314
1937.888525
1515.803881
1533.893223
965.5864
1638.660661
1115.577193
1389.932211
1073.368728
1834.628531
1731.368538
1374.104037
1356.014695
1015.33209
1691.421242
1099.749019
1146.479818
1492.438481
1159.293102
1129.897922
1622.832487
1649.212777
1408.775275
1605.496868
1759.256274
1710.264306
1799.20357
1585.900081
1707.249416
2179.079749
1249.739811
1550.47512
1600.974532
1328.126959
1310.037618
1256.523315
1272.351489
1487.162423
1432.140675
1198.486676
1745.689267
1392.947101
1493.192204
1392.193379
1476.610307
1124.621864
1209.792515
984.429464
1400.484327
1155.524489
1374.857759
1616.802707
1301.746669
1752.47277
1136.681425
1516.557604
1732.122261
1815.785467
1266.321708
1474.349139
1376.365204
1424.603449
1221.852076
1857.993931
1656.750003
1178.889889
1603.989423
1906.232176
1945.42575
1409.528998
1432.140675
922.624213
810.319549
1849.702983
764.342472
2081.849537
1307.022727
1648.459055
1096.734128
1283.657327
1818.800357
1707.249416
1912.261957
1799.957293
1789.405177
1372.596592
1772.069557
1276.120102
1682.376571
1500.72943
1530.12461
1787.144009
2074.312311
1464.550746
1248.986089
1882.866776
1649.212777
1577.609133
1594.944752
1650.720223
1772.82328
1622.832487
1576.85541
1859.501376
1446.461404
1436.663011
2173.803691
1691.421242
2044.163408
1728.353648
1126.883031
1319.082289
1733.629706
1132.912812
1814.278022
1153.263322
1344.708856
1631.123436
1864.023712
1102.010186
1334.910463
1570.825629
1095.980406
1636.399494
1538.415559
1059.047999
1218.083463
1981.604434
951.265671
1554.243733
1702.72708
1542.937894
1706.495693
1414.051333
1761.517441
983.675742
1530.12461
1401.991772
1334.910463
1683.884016
1025.130483
1299.485502
1243.710031
1380.88754
1431.386953
1236.172805
1261.799373
1576.85541
1506.005488
821.625387
1273.105211
1449.476294
1427.61834
1519.572494
1477.36403
1536.154391
1552.736287
978.399684
1371.089146
1545.952784
1195.471786
1327.373237
1584.392636
1408.775275
1492.438481
1382.394985
1462.289578
1405.006662
1736.644596
1169.091496
1065.831503
1682.376571
1506.75921
1425.357172
1073.368728
1135.927702
1137.435147
1292.701998
980.660851
1282.903605
1264.06054
970.862458
1561.780958
1701.219635
2213.750988
1828.598751
1614.541539
1407.26783
885.691807
1990.649105
1199.240399
1515.050159
1727.599925
1068.846393
873.632245
1045.480993
1417.066224
1346.216301
1467.565636
1176.628721
1126.883031
1206.023902
1586.653803
1929.597576
1338.679076
1537.661836
1766.793499
1120.099528
1603.989423
1634.892048
1267.829153
1723.831313
1456.259798
1768.300945
1649.212777
1970.298595
1590.422416
1971.052318
1747.950435
1459.274688
2154.206904
1382.394985
1731.368538
1533.893223
788.461594
1876.083273
1237.68025
1603.989423
1683.884016
1475.856585
1074.876173
1677.100513
812.580717
921.116768
897.751368
1093.719238
1692.928687
2121.043111
1904.724731
1197.732954
1775.83817
1751.719048
1343.201411
1523.341107
2488.106006
1319.082289
1308.530172
1853.471596
1895.68006
1752.47277
1848.195538
1753.226493
1854.979041
1323.604624
1356.768417
1223.359521
1433.64812
1602.481978
1077.891064
1493.945926
2010.245892
1967.283705
1699.71219
1185.673392
1769.80839
1472.087972
2222.041936
1912.261957
1964.268815
1741.166932
1497.714539
1698.204745
1527.863442
1527.10972
1742.674377
1253.508424
1358.275863
2115.767053
1900.956118
2418.009806
1187.180837
2124.811724
2220.534491
1129.897922
1301.746669
1478.117752
1535.400668
1720.0627
1356.768417
1551.228842
1647.705332
1383.90243
1304.007837
839.714729
1861.008822
1705.741971
1209.038792
1511.281546
2006.477279
1233.157915
1590.422416
1727.599925
1105.778799
1154.770767
1758.502551
1414.805056
2050.946911
1539.169281
1899.448673
900.766258
1925.075241
1585.146358
1872.31466
1358.275863
1561.780958
1714.032919
1178.889889
1701.219635
1656.750003
1598.713365
1883.620499
1434.401843
1825.58386
1394.454546
1337.17163
1506.005488
1794.681235
1234.66536
1576.85541
1593.437307
1884.374222
1573.086797
973.123626
1545.952784
1211.29996
984.429464
1514.296436
1330.388127
1114.069747
1511.281546
1325.112069
1150.248431
2039.641072
1702.72708
1224.866966
716.104227
925.639103
917.348155
1528.617165
1047.742161
1165.322883
1612.280371
1310.79134
1646.95161
1662.779784
1710.264306
1410.28272
1292.701998
1037.943767
1570.825629
881.923194
1131.405367
1097.487851
1411.790166
1020.608148
649.022917
1386.91732
1301.746669
1112.562302
760.573859
1480.37892
1534.646946
1172.106386
951.265671
1102.010186
1054.525664
1331.895572
1365.059366
1191.703173
1246.724921
740.977072
963.325232
846.498233
942.221
887.199252
840.468452
594.001169
969.355013
827.655168
1005.533696
1515.803881
1165.322883
1265.567986
1060.555444
725.148898
1187.93456
1354.50725
780.170646
999.503916
945.23589
938.452387
1038.69749
1407.26783
1187.93456
1151.002154
964.832677
789.969039
1343.201411
865.341297
1863.269989
822.37911
534.457086
1226.374412
973.123626
1239.941418
994.227858
97.297991
848.7594
783.939259
795.245097
681.432988
792.230207
1004.779974
1231.65047
1194.718063
1029.652819
899.258813
1476.610307
970.862458
1535.400668
1124.621864
956.541729
1553.49001
1291.194553
1048.495883
866.09502
936.191219
1196.979231
859.311516
966.340122
1237.68025
1417.819946
1080.152232
773.387143
1004.026251
1276.120102
1244.463753
353.563667
958.802897
657.313866
900.766258
891.721587
1568.564462
1102.010186
1139.696315
1362.044475
1374.104037
1368.827979
912.825819
1574.594242
1392.947101
1196.979231
965.5864
1576.101687
1210.546237
1371.842869
1052.264496
862.326407
1113.316025
918.101877
1059.801722
1685.391461
1322.097179
1034.928877
1383.148708
1214.31485
1037.943767
1198.486676
1403.499217
1169.845218
1123.868141
1352.246082
1837.643422
763.588749
1175.874999
1681.622848
1274.612656
1919.799183
1169.091496
1438.924178
1616.048984
1272.351489
1447.968849
860.065239
1079.398509
1374.857759
1386.91732
1483.39381
1258.03076
1168.337773
1241.448863
1279.134992
1473.595417
1799.957293
1955.977866
1780.360506
1689.160074
1185.673392
1429.879507
1344.708856
1151.755876
1131.405367
1705.741971
1425.357172
1259.538205
1932.612466
1790.158899
1454.752352
1691.421242
2053.961801
1391.439656
1383.90243
1341.693966
1925.828963
1926.582686
1185.673392
1003.272529
1111.80858
1151.002154
1502.990597
1570.825629
1071.861283
1668.809564
1243.710031
1457.767243
1187.93456
1532.385778
1728.353648
1055.279386
1229.389302
1463.797023
1732.122261
1036.436322
1352.999805
1769.80839
921.116768
1853.471596
1646.197887
1419.327391
1697.451022
1936.381079
1126.129309
1375.611482
1486.408701
1512.035268
1397.469437
1316.067398
1741.166932
1472.841694
967.847567
1423.096004
1328.126959
1105.025077
1729.107371
1307.022727
1435.155565
957.295451
1457.767243
1695.943577
1579.116578
1108.793689
945.989613
1178.136167
525.412415
1365.059366
1358.275863
1171.352663
1438.170456
1107.286244
1522.587384
1171.352663
690.477659
1716.294087
1019.854425
1755.487661
1109.547412
1276.873824
1524.09483
998.750193