0.0010241550168409701
0.012397722285543636
0.07462820146557625
0.3016789641714248
0.9328138326474663
2.3782368040469484
5.2481415153652184
10.359411174759419
18.714864010718617
31.453979459910894
49.78130058813963
74.88263175664319
107.83888225090494
149.5459222482655
200.64651669066882
261.4774345240604
332.0331912192165
411.94793579927466
500.49687940590564
596.6175276395627
698.9491917010046
805.8877624604864
915.6525078419482
1026.361162855001
1136.107812334032
1243.0376664886383
1345.4144063179758
1441.6774584103582
1530.4878080775588
1610.7610085710985
1681.6858957594354
1742.7294522214315
1793.6304680872006
1834.3848023162873
1865.2242044423076
1886.5900882628403
1899.1036517587295
1903.5339703312375
1900.7658931774467
1891.7695401958624
1877.5715247156363
1859.225918059806
1837.7842743260987
1814.2671519977116
1789.6397682780205
1764.792060171297
1740.5211810837511
1717.5137854561874
1696.3275096054922
1677.3745317382704
1660.9120403939612
1647.0443190372114
1635.7389800592946
1626.854896078168
1620.1743402155619
1615.4322420729675
1612.3410169793322
1610.6126815996624
1609.9772631985088
1610.1934714318054
1611.0500830322426
1612.362341523182
1613.969897406548
1615.7388162064929
1617.565588734162
1619.3806729385233
1621.1497451096805
1622.8698670932997
1624.5591262965438
1626.243591032535
1627.9476282855508
1629.6886148646927
1631.472661114688
1633.2900592693481
1635.112303820814
1636.8926108894314
1638.5705019720842
1640.078721313725
1641.3494367744418
1642.3187779337059
1642.931847903902
1643.1509779077962
1642.9671297675497
1642.4101691990738
1641.552830988056
1640.50579708322
1639.4043723089023
1638.3900559570507
1637.5915695592473
1637.1081658198614
1636.995880288456
1637.257880559763
1637.8419403784592
1638.6478046446439
1639.5436631331681
1640.3868539729444
1641.0436818637272
1641.4067161880164
1641.4101139410038
1641.042992451817
1640.359305318224
1639.4801432104787
1638.584000965589
1637.8851870339329
1637.6052159713304
1637.9425808940666
1639.0455669756423
1640.9921269985016
1643.7790514985923
1647.3206547154139
1651.4560163625126
1655.962552607209
1660.5721132684566
1664.9865222991612
1668.8929113148347
1671.9806208836062
1673.9597276383508
1674.579264891089
1673.640488734625
1670.9995219163095
1666.559311557383
1660.2579290349834
1652.0605861622544
1641.9585200637764
1629.9744234642417
1616.171591097517
1600.6624619302725
1583.6136318697627
1565.2474285164988
1545.8411804212028
1525.72486264452
1505.2779640382655
1484.9254095968051
1465.1297667590652
1446.3764113304999
1429.1511772370213
1413.9139629258636
1401.07389270971
1390.9697954670335
1383.8555226399646
1379.888201299002
1379.119816632818
1381.4938579630607
1386.848983046754
1394.9329555398392
1405.4279278317604
1417.9808310075691
1432.2283719546044
1447.8098712293731
1464.3686839444379
1481.5479330752182
1498.9858370623656
1516.312533702168
1533.148586084563
1549.1061272494924
1563.7943736545299
1576.8304067735432
1587.8538749509287
1596.5424943447706
1602.626538251035
1605.9031914880663
1606.250625163694
1603.6375492024574
1598.1231202538652
1589.8467101018023
1579.0123936622222
1565.8740137998195
1550.7244749704341
1533.8911511212314
1515.73735264963
1496.6665000000817
1477.1233991601935
1457.5881229070133
1438.5620394918885
1420.548910455024
1404.033744533308
1389.4608350901094
1377.2131812365626
1367.596836190912
1360.8329113169443
1357.056538893307
1356.319341728648
1358.592706854209
1363.7713780143265
1371.6780091024807
1382.069284093816
1394.6433934733654
1409.0477722293479
1424.8863469638484
1441.7275943298735
1459.1163346930455
1476.5907735973767
1493.703530708833
1510.044212119406
1525.2608235074408
1539.0769720391731
1551.3020284338584
1561.8325864899082
1570.645727200745
1577.7868144111835
1583.3547822938733
1587.4861895821296
1590.3386049349972
1592.075430096749
1592.8551300460424
1592.8252450160162
1592.1180508953369
1590.8453752894122
1589.094158098787
1586.9263912704964
1584.38577134176
1581.5101414704113
1578.3444863701425
1574.9481750406983
1571.3942156885546
1567.7622340784058
1564.1282725719714
1560.555665220781
1557.090588369898
1553.7609988165318
1550.574449112868
1547.5148737120994
1544.5437058607472
1541.607101472177
1538.644430423177
1535.5943201037524
1532.400727399144
1529.0230310412685
1525.449405460944
1521.7081283148648
1517.8723499230473
1514.058403843642
1510.4197230577838
1507.1372715452505
1504.4078518024314
1502.4328636482064
1501.4079286095675
1501.511548382214
1502.893588540428
1505.6677422189555
1509.9100425644078
1515.660233332208
1522.9209718939903
1531.6531031559048
1541.7696550735693
1553.1329205425475
1565.557464265319
1578.8188373567616
1592.6655361377543
1606.8319407814297
1621.0516879817674
1635.0711855267286
1648.6609598691045
1661.621234788937
1673.7803055853133
1684.9883941363548
1695.1117139077585
1704.0303391931602
1711.6418210525778
1717.871657927852
1722.6899096835336
1726.129337737686
1728.2965401161707
1729.3681000461736
1729.570884310298
1729.1536217623645
1728.3585632581735
1727.3986717048735
1726.443148967479
1725.6132914183183
1724.988527904407
1724.6189769558357
1724.539925356987
1724.7854279795836
1725.3994733121162
1726.4431311666497
1727.9953500258475
1730.1451706054088
1732.9765964546882
1736.5514479069304
1740.894518833147
1745.981827676178
1751.7332381119302
1758.012645684738
1764.6366593108535
1771.3891269846154
1778.039435436441
1784.3650126825942
1790.176540852986
1795.3403354967877
1799.7941961892582
1803.557772472003
1806.7371570647128
1809.520000843169
1812.1611854693408
1814.9656139147128
1818.27365400092
1822.4469218238173
1827.847143967873
1834.8052859541747
1843.5871124991886
1854.3636789516615
1867.189824016457
1881.990156859809
1898.5531786127985
1916.534869289816
1935.4719330038915
1954.8028635006124
1973.89269754174
1992.0580978217922
2008.5934629480355
2022.800600171635
2034.0222791471695
2041.6780925064527
2045.3012486047521
2044.5734652786687
2039.3516494070077
2029.680324529769
2015.7889878952496
1998.0775588014278
1977.093398223551
1953.50321298094
1928.062757652148
1901.585737516775
1874.9128155743258
1848.8812148669722
1824.2934458977368
1801.8843745136187
1782.289964008723
1766.0226787670872
1753.4563986974747
1744.8208480782432
1740.2027352604462
1739.5494888145197
1742.6743356259756
1749.2653700391581
1758.9011683871672
1771.0730340140549
1785.2117048683122
1800.7150282489506
1816.9751145019952
1833.4063041757918
1849.472654025588
1864.7087840778916
1878.7300668126827
1891.2359977192443
1902.013198786631
1910.938501531356
1917.9768763080813
1923.1711420418726
1926.6266253204408
1928.496487057873
1928.9718709798847
1928.2790301569544
1926.6821220314725
1924.484805324541
1922.0225530045457
1919.6436102047671
1917.6824849638167
1916.4313059366832
1916.1148733994776
1916.8751689723981
1918.7670494039758
1921.761001279067
1925.7475054559138
1930.5422633982919
1935.896272855699
1941.513689156255
1947.0759165334096
1952.267991796137
1956.803630071469
1960.4460240916171
1963.0218591982539
1964.4261563114578
1964.6163394160264
1963.5973593686554
1961.4047378292742
1958.0938183180367
1953.7390782809168
1948.4406594678992
1942.3318785572524
1935.5837840809704
1928.4064307315775
1921.0465398152671
1913.780353505298
1906.9022329024044
1900.7101383851534
1895.4865077962575
1891.473115321109
1888.843557989336
1887.680575106024
1887.9638280868246
1889.5703719861106
1892.2871478923803
1895.8325196104445
1899.883232260201
1904.104275120831
1908.1802969431933
1911.846451130221
1914.9136122161276
1917.2819412283723
1918.9408781278655
1919.9586900710547
1920.466447709748
1920.6410241740818
1920.6901144510696
1920.8383989238623
1921.31093290143
1922.3118012775017
1924.0013053982798
1926.4772348787837
1929.762756053488
1933.8004750858292
1938.4526405905078
1943.5070458047808
1948.6863986901142
1953.6603101754413
1958.0624869441779
1961.5159991561977
1963.6653727206706
1964.2098132822669
1962.9317365277154
1959.7176522945508
1954.5698592849851
1947.6070206123181
1939.0524145018273
1929.2114298871682
1918.4418587178614
1907.1200967234684
1895.6062396893374
1884.212620969217
1873.1814533752201
1862.6758570749553
1852.7849212669057
1843.540560851214
1834.9421008776997
1826.9815263296375
1819.662098890238
1813.0080071794412
1807.0663820735394
1801.9037635192337
1797.60022603444
1794.2431231489807
1791.9189611718755
1790.7021275922357
1790.6429972661467
1791.7600307305765
1794.0380747527913
1797.431192861107
1801.8686373993298
1807.2651625566114
1813.5343925905731
1820.5991759979697
1828.3953351852065
1836.8721773908362
1845.9941952570325
1855.7439427443228
1866.1234982283695
1877.1531431874012
1888.8678297846639
1901.3128739981603
1914.5401528766176
1928.6038002256496
1943.5517775877506
1959.4112969886335
1976.16973440772
1993.7545631340693
2012.0175845875724
2030.7285124362832
2049.578152101407
2068.188324249619
2086.1279952456607
2102.9362621896544
2118.1503347174134
2131.335587456624
2142.1153734728523
2150.19731121625
2155.393205195991
2157.632938423701
2156.972108842736
2153.589465646227
2147.7724864174343
2139.8969538826545
2130.4089918939835
2119.8134156390684
2108.666933793722
2097.5719424557064
2087.16555749021
2078.100116731412
2071.0154455754277
2066.506527592347
2065.0913393766946
2067.1822788694376
2073.061373818183
2082.8584034952737
2096.5339939234755
2113.871699603942
2134.481705025206
2157.817535907188
2183.2062979526954
2209.88901922734
2237.0625154755944
2263.9146354972395
2289.6515746315213
2313.5213213967913
2334.8361066024418
2352.9932720145193
2367.4940575932214
2377.9617952515578
2384.1596415267977
2386.004527020137
2383.5742114252744
2377.10721663317
2366.9959830916728
2353.773015898616
2338.0903356036865
2320.6919175099683
2302.377633978986
2283.959742077301
2266.217568705567
2249.8570592561528
2235.479030980158
2223.557363040212
2214.4275431763435
2208.2858342934137
2205.198745452983
2205.1209838642
2207.9177503627147
2213.385812336087
2221.2696072453023
2231.272623657468
2243.0661377690344
2256.296804051001
2270.5952253965393
2285.5881406573385
2300.9146845604237
2316.245784037789
2331.3056065685178
2345.8908977338665
2359.881735341986
2373.240505297398
2385.9994664487554
2398.2380364622745
2410.053504510065
2421.5331664161085
2432.7365235335005
2443.6904443143017
2454.3915903158895
2464.8078337145425
2474.876626432581
2484.50480546967
2493.5740039023995
2501.951367821461
2509.503313901875
2516.111285730846
2521.6875100389716
2526.1857154681456
2529.603524972131
2531.979986189295
2533.3944171808043
2533.9673666316594
2533.8588170362127
2533.260116931619
2532.381089270441
2531.4363218016547
2530.6345864474224
2530.1740592679603
2530.243450733942
2531.0259614293527
2532.7014934608974
2535.44499802355
2539.423511503531
2544.7958785635396
2551.715169587543
2560.329723683715
2570.780421800157
2583.1966778727415
2597.695480595047
2614.3853524726765
2633.3727469583537
2654.765138995867
2678.665925681646
2705.1610836832433
2734.3015445966234
2766.084920216963
2800.437827327923
2837.1997529862215
2876.11171351567
2916.815260172067
2958.8668600324513
3001.7678603622235
3045.003548159824
3088.0828687877984
3130.5744535603153
3172.1376427809223
3212.5466906492675
3251.705629976716
3289.6509837055714
3326.541363606195
3362.638030573607
3398.282693490675
3433.8749736847926
3469.848246563105
3506.6442911758663
3544.6904044863913
3584.3817376343763
3626.0695637439712
3670.057006250817
3716.603319919577
3765.9339049759856
3818.2516615631234
3873.747748777827
3932.6110691270874
3995.0357759778994
4061.2274680598216
4131.408241566102
4205.817564202067
4284.705340220567
4368.317005063338
4456.874283213452
4550.556432051341
4649.485254338327
4753.715415678103
4863.231016942468
4977.947403766831
5097.714061227989
5222.315267433492
5351.46938345252
5484.828798413501
5621.981126457325
5762.452766126916
5905.716281930038
6051.2012319107
6198.307565715712
6346.4229329002965
6494.946486994138
6643.318209354231
6791.043603816847
6937.686119274678
7082.779788421766
7225.633114779448
7365.083947042925
7499.35197138974
7626.098668736635
7742.666570123571
7846.389652306151
7934.90121094438
8006.414555184822
8059.949010294678
8095.467369374279
8113.921645479704
8117.228958391735
8108.1908709737545
8090.36412578903
8067.902879748101
8045.393797419117
8027.688463616107
8019.7255926406315
8026.340069081048
8052.066231468222
8100.948532079161
8176.372148073199
8280.920781517963
8416.263532001038
8583.073096130705
8780.981298063823
9008.576659054457
9263.441468483765
9542.221485354954
9840.72567407279
10154.059491595051
10476.792152005777
10803.14751315605
11127.203230406358
11443.089382592663
11745.18646249483
12028.322944381905
12287.965222088042
12520.386576119914
12722.803373657933
12893.472823418944
13031.75067819766
13138.107799438152
13214.103984088188
13262.318082073982
13286.23509561754
13290.092793086093
13278.694636000146
13257.20250898177
13230.924627417604
13205.108862945262
13184.74732297256
13174.398154591507
13178.031990562366
13198.910929838665
13239.505899241385
13301.453459413413
13385.549428977567
13491.77575087329
13619.356209740808
13766.836140529362
13932.182544648469
14112.901578819674
14306.168776789798
14508.965991977453
14718.219461189827
14930.934438640186
15144.321206541837
15355.904574007043
15563.608233143003
15765.809843046414
15961.368528927942
16149.627690860825
16330.394169652258
16503.89551672884
16670.72055783137
16831.750426268896
16988.086778030847
17140.983258037395
17291.78462924405
17441.873992632496
17592.626719211137
17745.372524819184
17901.36859605495
18061.783009915584
18227.682998125067
18400.02169372674
18579.620421071715
18767.147724542323
18963.09775406557
19167.771192679098
19381.26331810442
19603.462596288013
19834.058410589183
20072.553565193026
20318.279694306893
20570.416988086297
20828.01827084884
21090.03428691399
21355.336683926504
21622.737231246974
21891.004380038834
22158.879457223135
22425.09413095745
22688.391253483776
22947.552604083357
23201.434127432974
23449.00274643473
23689.366664908877
23921.795305709442
24145.729463278323
24360.782934587158
24566.73634294822
24763.524838540838
24951.222708924135
25130.027377027083
25300.24315317516
25462.2647817257
25616.56275296895
25763.671807485134
25904.180670924292
26038.721281168568
26167.959616092478
26292.58967296911
26413.327026542414
26530.897515793804
26646.02216793643
26759.403240885724
26871.71217014967
26983.57517770001
27095.5560977716
27208.14347802251
27321.749426029834
27436.72120789737
27553.358648530964
27671.925856266545
27792.650078844767
27915.71061405733
28041.225595308886
28169.241129183272
28299.722695533692
28432.547427575497
28567.497053721978
28704.253499604438
28842.400808731716
28981.435927415692
29120.78817269134
29259.847240059265
29398.00071612107
29534.678217231387
29669.393381668066
29801.77447651706
29931.578679464033
30058.6894517538
30183.099946673443
30304.887965538484
30424.18773286739
30541.16159038027
30655.974066992923
30768.771915779245
30879.672694478315
30988.759745806303
31096.07861817296
31201.633892381356
31305.3901941497
31407.278821799824
31507.205927434894
31605.058062633372
31700.70446028169
31793.997075232168
31884.769827994245
31972.840120950546
32058.01686397118
32140.116949604653
32218.987443748396
32294.527858251997
32366.708177645105
32435.582630966506
32501.301680972672
32564.122628967958
32624.416386886067
32682.667195464608
32739.462578208164
32795.47365619481
32851.430456859904
32908.097446069776
32966.25034407144
33026.65337209424
33090.038482528566
33157.08830037149
33228.42010334289
33304.56602703538
33385.950209556606
33472.87081944162
33565.49279903293
33663.84752975807
33767.833408436134
33877.22006768563
33991.66286222567
34110.7252862449
34233.89951128732
34360.62004774773
34490.27342869698
34622.20827191886
34755.747870378545
34890.20558244436
35024.90169736346
35159.18020214668
35292.42554640329
35424.07901017504
35553.65025002497
35680.719552678136
35804.9331432208
35925.99800152659
36043.67965869753
36157.80357230178
36268.26028382731
36375.01240429692
36478.09918941619
36577.63706621435
36673.82037912166
36766.92876306105
36857.34174536217
36945.55294076564
37032.17476854498
37117.92957682404
37203.62765385605
37290.13507813103
37378.33550927663
37469.08902850797
37563.189658072435
37661.3239869689
37764.03446131718
37871.69000165615
37984.4654258391
38102.330377697646
38225.04685784111
38352.172965215024
38483.07155092891
38616.92652480006
38752.771770848994
38889.53446119024
39026.09068142317
39161.32942246027
39294.21817953898
39423.860952695344
39549.54023727279
39670.738650528314
39787.142413811314
39898.63331827826
40005.27411907221
40107.2884654247
40205.03483421441
40298.975300230086
40389.64382298975
40477.62126751566
40563.52198016629
40647.99020200585
40731.699652822004
40815.35113479467
40899.665708623696
40985.37097032895
41073.18019180396
41163.766105179886
41257.728256913855
41355.55266481618
41457.56881165167
41563.91289843932
41674.50426149263
41789.038311417295
41906.993425165136
42027.6430180323
42150.066238099615
42273.15890807975
42395.649988586185
42516.12714680683
42633.07368470068
42744.918710662
42850.09960172476
42947.13132201803
43034.675843625075
43111.60729459594
43177.07011652168
43230.52623239334
43271.786636419114
43301.026430193284
43318.78511822682
43325.95036537193
43323.72000985822
43313.541555261196
43297.035502117425
43275.91169440209
43251.88706110122
43226.610346915644
43201.5955631234
43178.16413133486
43157.3973543821
43140.10318482054
43126.80067475542
43117.72158838084
43112.82615742531
43111.83173725765
43114.253840216006
43119.454895001865
43126.69339297505
43135.1695896875
43144.067421380576
43152.59109493091
43159.995126486385
43165.61144260179
43168.87850116112
43169.372392916855
43166.83607131248
43161.20365164241
43152.61941231459
43141.45280609802
43128.30792823953
43114.0200093768
43099.63088299656
43086.34238580859
43075.454494805694
43068.29733564235
43066.160830465386
43070.217999256194
43081.43939778633
43100.50702872201
43127.74228753888
43163.05849318313
43205.941904306506
43255.461279708936
43310.304399548535
43368.8381775791
43429.18593081179
43489.313166627195
43547.113594549955
43600.490277497636
43647.4333435312
43686.09993289826
43714.89725067732
43732.56107433903
43738.21966648488
43731.43684987406
43712.232686682575
43681.08288119008
43638.897240370745
43586.97493196162
43526.93653154781
43460.640643846855
43390.09590819612
43317.37305394106
43244.51575484237
43173.45115244736
43105.90790573621
43043.35325935431
42986.95556623791
42937.56837915852
42895.726505414736
42861.64743931713
42835.23802508413
42816.11035640473
42803.610866845986
42796.862101873376
42794.81085280354
42796.27520918046
42799.98725050957
42804.63177704684
42808.88389257048
42811.45065689798
42811.11883754075
42806.802503894665
42797.58155844888
42782.727180069756
42761.714673302966
42734.22605753448
42700.146407263346
42659.55901378594
42612.742510317
42560.16830447047
42502.493255994035
42440.54446538833
42375.29745763613
42307.8499483248
42239.39103917064
42171.16559509352
42104.43662388733
42040.449430325454
41980.398439226956
41925.39540319668
41876.43769989803
41834.375159736795
41799.8745615701
41773.384688180595
41755.10879383737
41744.9919061101
41742.726851085295
41747.776504471825
41759.405118184215
41776.71308427489
41798.674803037546
41824.18236671243
41852.09582414588
41881.296242679506
41910.7353549159
41939.47713837979
41966.72996291955
41991.86965080189
42014.452551657305
42034.21678675575
42051.072829816876
42065.08729521493
42076.46024406018
42085.49156184246
42092.53528123547
42097.94903067692
42102.047941796
42105.066974817855
42107.13132722008
42108.23636888443
42108.241549233724
42106.87966139028
42103.77671712909
42098.47766490052
42090.47793578335
42079.26078308808
42064.335582779095
42045.272457074636
42021.73454701165
41993.51019139798
41960.54099944888
41922.938847495636
41880.989951567746
41835.150563899246
41786.03907199776
41734.42368746655
41681.20143691635
41627.36760634762
41573.97880349145
41522.11162873684
41472.817293500055
41427.073924248136
41385.73928552066
41349.50701342441
41318.870570755
41294.09809059021
41275.21840706639
41262.01719372993
41254.04117150929
41250.60833817297
41250.82608368185
41253.62214824259
41257.7897399159
41262.04251369525
41265.073735635204
41265.615514327
41262.49634052163
41254.69708487516
41241.4031802624
41222.0444613822
41196.31255839577
41164.15282475863
41125.7366340992
41081.42338447951
41031.720161284684
40977.24374613947
40918.68515931712
40856.77307544143
40792.23236977632
40725.73718593314
40657.86255326974
40589.04356189534
40519.55256412311
40449.50073741636
40378.86431663717
40307.53035124391
40235.35184504957
40162.20013938117
40088.00565837209
40012.78518318859
39936.65928937742
39859.86253211942
39782.74605606473
39705.77373004793
39629.51429258745
39554.629293671125
39481.854143467244
39411.97124773622
39345.777795709684
39284.05140189438
39227.51465156386
39176.799758823465
39132.41723563721
39094.732765923334
39063.95322416099
39040.11860255611
39023.093986878645
39012.557137316144
39007.983342619154
39008.63578804247
39013.569527221254
39021.64907037839
39031.57335242927
39041.90540569325
39051.11076699849
39057.60753623659
39059.8234479355
39056.251678300236
39045.50076506204
39026.33872875947
38997.733402505364
38958.89118747582
38909.29533775932
38848.74335778824
38777.38112715248
38695.727479131645
38604.68040451447
38505.497860774565
38399.750179940886
38289.246338601064
38175.941520976456
38061.834597913774
37948.86329116096
37838.80708832575
37733.20996355302
37633.32996155175
37540.11464230792
37454.197941240556
37375.91330944901
37305.31677997248
37242.215709046424
37186.20413362572
37136.707065164
37093.03220656615
37054.42248071123
37020.10073352517
36989.302699586566
36961.30132913142
36935.42557611287
36911.07181067325
36887.70575383162
36864.857360969785
36842.11355409952
36819.11191531538
36795.5351993119
36771.105552671186
36745.57869295805
36718.73821808596
36690.38876217196
36660.34636595488
36628.425176302924
36594.42236951585
36558.106907356334
36519.217956388835
36477.474592420076
36432.592181411565
36384.29808556783
36332.34503097507
36276.528218773965
36216.711060785376
36152.855230374866
36085.045110975996
36013.50100743078
35938.58236381254
35860.78411322824
35780.72963290221
35699.164346511476
35616.9494851856
35535.04819476007
35454.495670609474
35376.352311269635
35301.64585325996
35231.309927200025
35166.12361750402
35106.65373128618
35053.2028973577
35005.7702137322
34964.03078741611
34927.33723193087
34894.74468213695
34865.05925033894
34836.90556999241
34808.80595440965
34779.26471141875
34746.85303750796
34710.28845118641
34668.49946199877
34620.667537376656
34566.245732126474
34504.95915879945
34436.792208540115
34361.96547030462
34280.90598147504
34194.2153733756
34102.63852783402
34007.03307325496
33908.34052697699
33807.56155951338
33705.73789618046
33603.940354388906
33503.25764798893
33404.77859044595
33309.56329730012
33218.6037591953
33132.77829024725
33052.80723785895
32979.21825329026
32912.32760849535
32852.23897382885
32798.85534740473
32751.897984701376
32710.928295126178
32675.371329088703
32644.540663497508
32617.663545463798
32593.904121557858
32572.38495281855
32552.20924972549
32532.48246566771
32512.3277300212
32490.894253776194
32467.36569851036
32440.974355994815
32411.01945443988
32376.885238998286
32338.056757223236
32294.132250403774
32244.830937506547
32189.99621047836
32129.59563395222
32063.719696355365
31992.581693643617
31916.52029408592
31836.003336405385
31751.628873980517
31664.12003460128
31574.31333063351
31483.142641236358
31391.620615715896
31300.81607968143
31211.82326989408
31125.723016549626
31043.549786095577
30966.282750662125
30894.856781400573
30830.168416471948
30773.064914222483
30724.32669245472
30684.64899347442
30654.613813774107
30634.646122220805
30624.95977559103
30625.499826608462
30635.88307554468
30655.339070002494
30682.65949584362
30716.16835892234
30753.72364720596
30792.75358954868
30830.323886667713
30863.23182623846
30888.124990636334
30901.640030804872
30900.552836507286
30881.93104614001
30843.28068525784
30782.675603525055
30698.85701713078
30591.297306714016
30460.22986413393
30306.64742084992
30132.268819338045
29939.475588520378
29731.22603599246
29510.957325844225
29282.47759362126
29049.840434122994
28817.197143576046
28588.63368337765
28368.006265047447
28158.78898501906
27963.94434225526
27785.82430717562
27626.105145360674
27485.75593870059
27365.039081983028
27263.53823550111
27180.20754932645
27113.438906809217
27061.14766351703
27020.877311127453
26989.921175109277
26965.456191696307
26944.678842309193
26924.929082271807
26903.790047252307
26879.15933293802
26849.295120008457
26812.841213909454
26768.83057386165
26716.665339999297
26656.07675403085
26587.074703757087
26509.897404303432
26424.96811493774
26332.861401308946
26234.276764800466
26130.013209149874
26020.937886927597
25907.94669211911
25791.92124063141
25673.690626876345
25554.005527665442
25433.527436875505
25312.829870239773
25192.405338669712
25072.673637683372
24953.99005302108
24836.652731431743
24720.908051435385
24606.953392233765
24494.937642509038
24384.96067471565
24277.07333295137
24171.278007749414
24067.528667024686
23965.73169369452
23865.75220221013
23767.4293432198
23670.5989288199
23575.11629253107
23480.870557755137
23387.786326380658
23295.81756380233
23204.94347996861
23115.17130397651
23026.540113684463
22939.117011249917
22852.98504218213
22768.22840842288
22684.91895041539
22603.10560561846
22522.80877771163
22444.021307562907
22366.715893935798
22290.85649200148
22216.40910615859
22143.346096116235
22071.63995317217
22001.248543299454
21932.099400094197
21864.080792872763
21797.043932881883
21730.817898755067
21665.235875664268
21600.166353765577
21535.54043138519
21471.37215679243
21407.775792797973
21344.977703416036
21283.307736191426
21223.15755259914
21164.911430468594
21108.86739213361
21055.164932565564
21003.730060297203
20954.24509727043
20906.14756623335
20858.658360126727
20810.834557598697
20761.636850137395
20709.998251536643
20654.882951007523
20595.330972656433
20530.491214975977
20459.6492222825
20382.25694292684
20297.96976934662
20206.688940754335
20108.59791641442
20004.179155749534
19894.204382202373
19779.700022038618
19661.89896925554
19542.196496559834
19422.11929310911
19303.296495392733
19187.41435648744
19076.148507394668
18971.08156848177
18873.616477903804
18784.892745903744
18705.71262067551
18636.484775271714
18577.1912625299
18527.38323804575
18486.210261730153
18452.48007927819
18424.73639809305
18401.342014384754
18380.561661281678
18360.643466282534
18339.898253190302
18316.775963802884
18289.937403744854
18258.316781856152
18221.169489240576
18178.101238592335
18129.077156202395
18074.410379782847
18014.729076128777
17950.92252059643
17884.07158862749
17815.370928405777
17746.04737160467
17677.277013015904
17610.104848861658
17545.37333411147
17483.666683473497
17425.275594286002
17370.184541750175
17318.082739598893
17268.397696701933
17220.346098620696
17172.99438619323
17125.321958499684
17076.28177805072
17024.85553969928
16970.10162686997
16911.194830485067
16847.460903868538
16778.41193358776
16703.783344857064
16623.566067959007
16538.02686254197
16447.713927751058
16353.448322688975
16256.302899404678
16157.570095553572
16058.719947157842
15961.350399815803
15867.131269370024
15777.741185110885
15694.79732916285
15619.782242842344
15553.97604572962
15498.401319909759
15453.783027000043
15420.522887804187
15398.687895993606
15388.01134726641
15387.902199635919
15397.460276202193
15415.49932969105
15440.581388885279
15471.063888056087
15505.158328333093
15540.99627245041
15576.696490451455
15610.427387193879
15640.461181225544
15665.220184467762
15683.318999830688
15693.605348716239
15695.19678110019
15687.507199505317
15670.259375467227
15643.483732545596
15607.505014340017
15562.916866464495
15510.54419862898
15451.396558079168
15386.61752280715
15317.431905252204
15245.089245708872
15170.803962496502
15095.69826670652
15020.756956512389
14946.79884314372
14874.462385940531
14804.20122880422
14736.28877821797
14670.833369239013
14607.803238988123
14547.056070357534
14488.366886508229
14431.45187604752
14375.989258512242
14321.637325246233
14268.047804865406
14214.875603142773
14161.790538023643
14108.495831712564
14054.753859014747
14000.416705689158
13945.456312291388
13889.987080445835
13834.276217048804
13778.741053292972
13723.933672194351
13670.51352741908
13619.21137298837
13570.789699668498
13526.001838281009
13485.546808966543
13450.016495940477
13419.837429327925
13395.217228679148
13376.108919244705
13362.200173601577
13352.923935015328
13347.482636339675
13344.881529366228
13343.969297273517
13343.48337887272
13342.096549401647
13338.46198352111
13331.256542310202
13319.224887722232
13301.226727610296
13276.28524000282
13243.629882835332
13202.726096218592
13153.293247306876
13095.328084143646
13029.15503252505
12955.503522742503
12875.580904916804
12791.095521165074
12704.20322679192
12617.386708843853
12533.296717369441
12454.57702458737
12383.682102144514
12322.69618922578
12273.169205113916
12235.989442639582
12211.31220865869
12198.550534362184
12196.410388461087
12202.94189934803
12215.594693973087
12231.289942071653
12246.524803246664
12257.506361343274
12260.298578789634
12250.971309072349
12225.750565141381
12181.17004973702
12114.218107857514
12022.469200870277
11904.188865072887
11758.406524675083
11584.959492197027
11384.516794874175
11158.584218949527
10909.480273105242
10640.274434038354
10354.691653976104
10056.9948650598
9751.854520371679
9444.20799856953
9139.110021832628
8841.575773970828
8556.418228769546
8288.085072169315
8040.506867973536
7816.970271507322
7620.026544145611
7451.436771961316
7312.145757967413
7202.274093719079
7121.123320794108
7067.196029810773
7038.236065569739
7031.294659259949
7042.826542290875
7068.8136891945505
7104.907051623478
7146.574472154584
7189.2456242051785
7228.448701557271
7259.935962199593
7279.795640153203
7284.5479656421785
7271.22425506047
7237.429839082425
7181.393351219473
7102.005324094916
6998.846276275568
6872.19884027009
6723.035089551895
6552.974519957458
6364.216358995419
6159.452635046055
5941.765921974502
5714.515920511946
5481.222053559008
5245.448706901868
5010.696487839739
4780.301728164634
4557.346812377943
4344.583476618973
4144.36970332836
3958.618877375165
3788.760990026374
3635.720201881518
3499.9129195805813
3381.2634197735115
3279.2297466981677
3192.8361036248043
3120.7135161552264
3061.153398630712
3012.1780480656457
2971.6278417995227
2937.259354366087
2906.845408383893
2878.267978653534
2849.5968499243677
2819.1503653654195
2785.5382983845902
2747.6887746229013
2704.8606436042023
2656.642410649121
2602.9408941154443
2543.964021024398
2480.1995879471815
2412.3883009271494
2341.4884230342163
2268.630943376401
2195.067303627823
2122.114304456676
2051.100478155011
1983.3154235841982
1919.9613647024892
1862.1069913573442
1810.6472959672055
1766.275464694514
1729.469172084646
1700.4871846802891
1679.371104994332
1665.950376144616
1659.8500496320316
1660.501453152736
1667.158033910555
1678.9190707771352
1694.7618105336078
1713.5801078940428
1734.2257518829301
1755.5492439070708
1776.4398549863909
1795.8652203704735
1812.9074130393697
1826.7916082313961
1836.9071524167246
1842.8241808365158
1844.3083699854142
1841.3318702913625
1834.0740191096672
1822.9071226585395
1808.3683425053634
1791.1208765668762
1771.9067186773166
1751.49574440688
1730.6398664936337
1710.0384589811476
1690.313809505194
1671.9927941051958
1655.4940261372058
1641.1215664433412
1629.0662260136621
1619.4154190672448
1612.1700502493466
1607.26338267106
1604.5771083765856
1603.9521185036906
1605.1930261646328
1608.0690112824796
1612.3173872234393
1617.6549177867303
1623.7958163556566
1630.4692783543842
1637.4285906033892
1644.4504738049213
1651.3300812658067
1657.8762811782938
1663.908354136137
1669.2557222368728
1673.763151714385
1677.3012608738916
1679.7795851074322
1681.1592208017455
1681.4615956874402
1680.768608605371
1679.2106199608968
1676.9434871325325
1674.1209770821943
1670.8705764379197
1667.2771323170882
1663.3747140567375
1659.1479002289475
1654.544715914663
1649.499906406683
1643.962804590891
1637.9217706607274
1631.417716993822
1624.543563699904
1617.4326165658238
1610.2430593288739
1603.1451219731964
1596.3121759528296
1589.912264803303
1584.0966548746587
1578.9854181032604
1574.6537773714833
1571.1242328868254
1568.367040523557
1566.308428707663
1564.8447627342125
1563.8596055893463
1563.2387043841334
1562.8784799423142
1562.6864173965519
1562.5747640758477
1562.4520085645702
1562.217111189438
1561.757278430471
1560.9464362013014
1559.642734572099
1557.6861392819292
1554.8986759888496
1551.0898642628742
1546.0672981118057
1539.6498350352158
1531.6819973630852
1522.0502340450514
1510.7007115894069
1497.6562951702997
1483.031432720259
1467.0451666731017
1450.0288150263027
1432.4206139844214
1414.7432069942713
1397.5676525112547
1381.4716979680356
1366.9998680876195
1354.6304947830026
1344.7514614253387
1337.6443528912307
1333.4766365697576
1332.3008996732801
1334.0580049881366
1338.580594654609
1345.5960402024714
1354.7311145317615
1365.522909439085
1377.4402906470564
1389.9153882669814
1402.3793262301542
1414.2965644423896
1425.1947039555662
1434.6860985060566
1442.4779615538541
1448.3730240853813
1452.2681339313979
1454.15687076069
1454.135575435129
1452.4071696548492
1449.276979909685
1445.136824516757
1440.4365863094051
1435.6472987326515
1431.2237769455946
1427.5731301662256
1425.0297219479085
1423.8353776018375
1424.1265990911033
1425.9300591519502
1429.1631589842057
1433.6359712548515
1439.0561010985882
1445.042591814521
1451.1532949852303
1456.9229837121652
1461.90400833547
1465.7019929703015
1468.0037973354201
1468.5990714919058
1467.3966056634638
1464.4335098330391
1459.8736565539095
1453.9939562395973
1447.1611288108252
1439.8035957105335
1432.3815638647002
1425.356732261491
1419.163225497004
1414.1815464470767
1410.7168258946588
1408.9825776248176
1409.0911191893258
1411.0508483489634
1414.7701871761726
1420.0690105621202
1426.6987730826481
1434.370591137251
1442.7865292462388
1451.6665982544434
1460.765930949334
1469.8817116760788
1478.8532054316909
1487.5585185256857
1495.9102757721405
1503.851268285352
1511.3497507000282
1518.392948517812
1524.978782413254
1531.1088238128834
1536.785818458843
1542.0154336215228
1546.8083855026052
1551.179555378079
1555.1437060702865
1558.7096017413223
1561.8743398152767
1564.6187771168893
1566.9045099848636
1568.673036548315
1569.8487990981791
1570.3483392314465
1570.0949903111677
1569.0349037693222
1567.1503959271233
1564.4689342792608
1561.066904174878
1557.067198858871
1552.6304275327834
1547.940981608235
1543.1902678643519
1538.559931428857
1534.2083727237844
1530.2633317513428
1526.8205646332353
1523.9453884541776
1521.6730291894783
1520.0062427966084
1518.9130205830086
1518.3294091965563
1518.1694951275504
1518.339231101932
1518.7487830211328
1519.3205795519489
1519.9942998003694
1520.7324675458435
1521.528627039642
1522.4151669506605
1523.4650758993685
1524.7842273125684
1526.4946446331548
1528.7120033025478
1531.5230484780584
1534.9682673016775
1539.0311562994987
1543.6324858080995
1548.628804118889
1553.8165588433772
1558.942525219373
1563.7177611933478
1567.832024096813
1570.9696844588261
1572.8295677022427
1573.147828324403
1571.720355330352
1568.421903156934
1563.220993053481
1556.189714935437
1547.5063611369396
1537.4497072263941
1526.385831899773
1514.7484480829294
1503.013731840175
1491.6733283020455
1481.2116239046181
1472.0909358398862
1464.7423710832463
1459.5567936638945
1456.8720507613023
1456.9564432474501
1459.991444102145
1466.0580217271413
1475.1299976799937
1487.0745493158004
1501.6572287468443
1518.549893926796
1537.342326173726
1557.5579135898474
1578.6718479072458
1600.1299086833044
1621.366473623473
1641.820391628162
1660.9477528383395
1678.2319657757878
1693.1921958284113
1705.3909580470324
1714.442583865854
1720.0253743614494
1721.8987905447236
1719.9247575415443
1714.09068714896
1704.5290044375508
1691.5256603587209
1675.5131069100385
1657.0494684083028
1636.7886747876723
1615.4451412364028
1593.7562282176561
1572.4471358112914
1552.2005202191253
1533.627325087026
1517.2344703885378
1503.3912885886557
1492.3027166282216
1483.997329772957
1478.3331321571388
1475.018173461502
1473.6402036481757
1473.7007110631384
1474.6518388173704
1475.9355099407906
1477.021517357349
1477.4393981759645
1476.800733992318
1474.8130616449057
1471.2897132045684
1466.1584773984864
1459.4685236888038
1451.3935762595206
1442.2282972943713
1432.3721325714992
1422.296170569394
1412.4977031111098
1403.4544393849615
1395.5870525804612
1389.2316920393878
1384.6218621885037
1381.8795042692734
1381.0143768289147
1381.9306095038205
1384.4398508045379
1388.2791643890234
1393.1303989930611
1398.6392430329008
1404.434602149708
1410.1496542350249
1415.4457853403612
1420.039342325588
1423.7267586231
1426.3992046129597
1428.0407785716104
1428.713737870267
1428.5402266331746
1427.6872223424878
1426.354909143366
1424.7651963722676
1423.1487843940458
1421.7325199178263
1420.7292683336275
1420.3296891785967
1420.6933705301208
1421.938971641014
1424.1360837817574
1427.3020813860476
1431.4061215037566
1436.380092647532
1442.1335937931246
1448.5688569319714
1455.5921423928014
1463.1201877979036
1471.082536706509
1479.4208836627395
1488.0854416935729
1497.0285485061574
1506.19779453627
1515.5313610893786
1524.9549499305883
1534.3770913388844
1543.681793360493
1552.7217413124179
1561.3176841447746
1569.2679370345902
1576.3658256077363
1582.4183926641583
1587.2614029903248
1590.7693658723817
1592.8614404025968
1593.5054700839476
1592.7217652085426
1590.5853970522417
1587.2249442817604
1582.8188299615329
1577.5930589366062
1571.8219395110423
1565.8284983944066
1559.9788790388511
1554.6665746546937
1550.285813036593
1547.1974807965767
1545.6949151573067
1545.9774585424057
1548.135770422093
1552.1487609430933
1557.8905645911004
1565.1463633856001
1573.6369050947183
1583.0512373389136
1593.083907526132
1603.4696412183775
1614.0088446686093
1624.5798544337397
1635.13668266708
1645.6941108393655
1656.3047553571207
1667.0339886947265
1677.9375191062477
1689.0433433572728
1700.3374052912473
1711.7534546236336
1723.1710214306784
1734.4262576002907
1745.335770038205
1755.7260908949663
1765.4579855002983
1774.4392286264926
1782.62623013562
1790.0175983562879
1796.6428033687996
1802.5487320068846
1807.7861606157473
1812.3984530228695
1816.415765021265
1819.8572491684822
1822.7405273369136
1825.0941204712237
1826.9678947700295
1828.4387031332626
1829.6102227238853
1830.6076354330403
1831.5704438665093
1832.6474460319814
1833.994162684036
1835.7693802597723
1838.129215704745
1841.2202677489297
1845.172963946238
1850.0955044289133
1856.0696546867575
1863.1487269392949
1871.3566702548237
1880.6877198856678
1891.105721965537
1902.540366335102
1914.8785242928823
1927.9534854833762
1941.5379880422363
1955.345064413196
1969.0363231219474
1982.2355024328956
1994.5470807181068
2005.5806861538554
2014.9795497460857
2022.4486704312687
2027.7778192652795
2030.8546277099276
2031.663897601104
2030.2726958231372
2026.805927456099
2021.4207642916463
2014.2881379477244
2005.5851174351621
1995.496094148409
1984.2176488812784
1971.9634404403419
1958.9684234517129
1945.4914742375615
1931.8127080451275
1918.222636642874
1905.005521616873
1892.421972352912
1880.6939891285256
1869.9940637198786
1860.440134766444
1852.0973621691758
1844.9857102944654
1839.0911897006683
1834.3776500098415
1830.7948168575026
1828.2800275587942
1826.7562428414767
1826.1312642721202
1826.2997019103516
1827.1453853166497
1828.541710066648
1830.3492464714252
1832.411778517316
1834.5532875121692
1836.5789497023077
1838.2822497748664
1839.4573783017668
1839.9130423044076
1839.483336082444
1838.0339332002634
1835.4652017547028
1831.7138526400558
1826.7515309607334
1820.5781924752703
1813.2120949490613
1804.6814262133694
1795.022095719454
1784.2848182814396
1772.5527104561265
1759.96559236821
1746.7417319896906
1733.1874969034284
1719.6897531153884
1706.6913018020523
1694.6548751630123
1684.0243859551672
1675.1911160914713
1668.4682820903115
1664.0729355765288
1662.1118988587236
1662.5698836640836
1665.302245562144
1670.0371442774635
1676.389354469063
1683.8843654151233
1691.989175665641
1700.1441286701568
1707.790476332609
1714.3921693944235
1719.453393503738
1722.534391991589
1723.2681304747427
1721.3776255210196
1716.6900738293523
1709.1442829146956
1698.7914624084494
1685.7911194512267
1670.4025388307941
1652.9709156513918
1633.9077881539135
1613.6672558230641
1592.7198939683299
1571.526108684816
1550.5125382092294
1530.0555629683784
1510.4725020574017
1492.0187844451914
1474.8904724083054
1459.2327018097865
1445.1543809844595
1432.747188577188
1422.1034525743303
1413.3265265034297
1406.5296058043364
1401.8228211093576
1399.292820009396
1398.9811494566188
1400.865314312891
1404.843026252222
1410.7206526861785
1418.2090905797982
1426.9300610242058
1436.4335532586829
1446.2233931425978
1455.7847027538944
1464.609544754617
1472.2223475340336
1478.206413534735
1482.2286094323238
1484.058378956406
1483.579622556424
1480.795574963421
1475.8266651916163
1468.9014425285595
1460.3416771593738
1450.5437181131285
1439.9585864779842
1429.0723520212484
1418.3855665103663
1408.3893023927706
1399.5390363265244
1392.2314776979256
1386.7876063376395
1383.441190154927
1382.3312594230758
1383.4986211724763
1386.888276046589
1392.359472155338
1399.7015523273153
1408.6506179657877
1418.904038858005
1430.134305167864
1442.0051454358193
1454.1895305827925
1466.3843709373973
1478.3164123886113
1489.7391633532372
1500.4259772715013
1510.165299667303
1518.7609750219162
1526.0361422373617
1531.8363258005077
1536.0276882312523
1538.490975438659
1539.117285213324
1537.8116025236752
1534.5037800967402
1529.162915475966
1521.8132788128244
1512.550852471634
1501.5559007192821
1489.0951975611658
1475.5114772524466
1461.2034073129882
1446.6017539136956
1432.1459465082892
1418.2626573690402
1405.3458211065217
1393.7376097590593
1383.713033045932
1375.4723154537276
1369.1419485175873
1364.7815409249197
1362.3934529813146
1361.93459811448
1363.3305674045482
1366.4896128082967
1371.3114914507892
1377.6878236556777
1385.4957284921372
1394.589926682999
1404.7967681937057
1415.9097971082235
1427.6853850587736
1439.8385584670204
1452.0407468012656
1463.922098203024
1475.0805454435827
1485.0971825715583
1493.555656558835
1500.0647983189192
1504.2854473984394
1505.9607736925523
1504.945707371818
1501.2284549068675
1494.9378113757982
1486.3346292946098
1475.790823355085
1463.7613347836698
1450.75475228929
1437.3071366074882
1423.9606494445734
1411.2466851171932
1399.6727036092695
1389.7108112236672
1381.785786107553
1376.2615026364115
1373.4255708781945
1373.4728875498881
1376.4910057404072
1382.451996694303
1391.213774310928
1402.5285019748565
1416.0522726089375
1431.3536699046713
1447.9241043099225
1465.1928918733074
1482.547349787983
1499.3578053212848
1515.0078082200218
1528.9284343972802
1540.6335437015262
1549.7510941236312
1556.0452078640903
1559.4267779553459
1559.9541802066685
1557.8247053915145
1553.354477600569
1546.947086986383
1539.057303665748
1530.1583795809613
1520.7170590626513
1511.1738633844304
1501.9247070145084
1493.304932274931
1485.5797272397808
1478.9411317329905
1473.5089657460312
1469.3343686329774
1466.4049401990876
1464.6490331549085
1463.937701234457
1464.086834379517
1464.8647702864348
1466.008086333669
1467.242985565194
1468.307529646003
1468.9713303402134
1469.0501476757697
1468.4124311012035
1466.9769368198104
1464.7049244071668
1461.5912268172985
1457.6553733015655
1452.9330640840226
1447.470269359906
1441.3222215053524
1434.557102030447
1427.2622746272716
1419.550228847232
1411.5617285884084
1403.4653684144264
1395.454570413273
1387.7427247021287
1380.5555403823987
1374.1196112339721
1368.6477934069414
1364.323530083261
1361.2874285064515
1359.630082470343
1359.393279493666
1360.5764017376316
1363.1413765358334
1367.0131575912571
1372.0779139809435
1378.1808021205513
1385.1234026921193
1392.66262698491
1400.5143002693967
1408.3627279618952
1415.8755709152672
1422.722669501594
1428.5963847904509
1433.2303019888993
1436.4141617315306
1438.0042944121071
1437.9288577751222
1436.186885403827
1432.8420056617597
1428.0144721224763
1421.8746219951465
1414.6374576812805
1406.5566201212343
1397.9171241637505
1389.026168290816
1380.200178321324
1371.7471606779795
1363.9462298308333
1357.0282108057975
1351.161874049111
1346.4498067676275
1342.9353995267109
1340.6184334626337
1339.473814556787
1339.4678217138905
1340.5675979862276
1342.741497506451
1345.9514439138925
1350.1421693169684
1355.2322975302839
1361.1088465761304
1367.6238686849324
1374.5929350397482
1381.7982342429177
1388.9987251760356
1395.9458917116046
1402.401442880108
1408.153784806379
1413.0308274399272
1416.9074437182971
1419.7065126532473
1421.3934272080703
1421.9669246722383
1421.451533119453
1419.8944885650765
1417.3647583542515
1413.949934435712
1409.7496106283945
1404.867246767446
1399.403570238236
1393.453603751679
1387.1069419180055
1380.4488602588212
1373.5606774209064
1366.5199092488833
1359.401755957258
1352.2836571042644
1345.2536127550597
1338.4205350668701
1331.9236883645276
1325.9390421150035
1320.6807113599575
1316.3957341504854
1313.3517901351904
1311.818299332496
1312.0409458414576
1314.2115541410456
1318.439549225194
1324.7322733990775
1332.987155259555
1342.9943939764871
1354.4482729581332
1366.9664307411767
1380.1165582527367
1393.4482173972528
1406.5248987445336
1418.9510983028445
1430.3922331597958
1440.5882404046545
1449.3617879783487
1456.6209642829517
1462.3568372453767
1466.637400258345
1469.598953721838
1471.4355353741869
1472.3882677932606
1472.7361371354662
1472.786548124685
1472.8623702213215
1473.2846627026033
1474.3546333683355
1476.3398405604162
1479.4658773075216
1483.9101434406912
1489.7943320086013
1497.1763186955077
1506.044674016731
1516.3170346188447
1527.8407925281692
1540.3949174587888
1553.6937023139744
1567.394404090652
1581.1112057170287
1594.436886820081
1606.969796978808
1618.340036997985
1628.2301180248678
1636.390855014573
1642.6555689877114
1646.9519640736683
1649.3077164342856
1649.8473006838822
1648.780029604444
1646.3801408685608
1642.9615540298787
1638.852313600432
1634.3730418275723
1629.819797948936
1625.4488640220243
1621.4629480518583
1618.0026964889068
1615.1476444706095
1612.9263112468363
1611.3309259737487
1610.330367540177
1609.877057385133
1609.9096558167175
1610.356443604061
1611.1407360566432
1612.1858997666864
1613.4181267437434
1614.7672181604603
1616.1654732944514
1617.5440407723524
1618.828586279694
1619.9386629100256
1620.7920846067987
1621.3104261006174
1621.421192651911
1621.0554789457976
1620.1432831143675
1618.6101340159933
1616.3768242502274
1613.3606606167846
1609.4765636149875
1604.639201393923
1598.7680135806054
1591.7945485633797
1583.6704027769797
1574.375994484884
1563.9314481153247
1552.4083320270804
1539.9376771755378
1526.7092604192203
1512.9608552401423
1498.9618763141248
1484.997552667466
1471.3556043038152
1458.314214942012
1446.130965293862
1435.0326770133618
1425.2060346610417
1416.791115130651
1409.880430863529
1404.5224864436293
1400.725983700402
1398.461478316023
1397.65941032147
1398.2050525287864
1399.9327895200406
1402.6245170544876
1406.016366231097
1409.8130503737327
1413.7048258231393
1417.382290157937
1420.5471057882041
1422.9193874185407
1424.2443156573574
1424.3001888283889
1422.9075061464985
1419.938055250084
1415.3250618332577
1409.0745396546638
1401.2736185622093
1392.0908992215564
1381.7683375009558
1370.6066544101932
1358.9444714687393
1347.1315193544049
1335.4994723653908
1324.3353313267712
1313.8615668395544
1304.2254062613329
1295.4961426542827
1287.6672943328754
1280.662045161063
1274.3425709734745
1268.5240466542737
1262.9933860740043
1257.532221807419
1251.9423192756778
1246.069413532443
1239.8206041103444
1233.1728203676075
1226.1745509729465
1218.945371168383
1211.6741532241206
1204.6118273901832
1198.055367927358
1192.3245584724139
1187.7354727140123
1184.5737943128804
1183.0703348089285
1183.3811984176748
1185.5748469772327
1189.6269324287414
1195.4211957043397
1202.7532149906506
1211.3360454089423
1220.810334088418
1230.76064932412
1240.7353926214635
1250.2664512172125
1258.8881993055734
1266.1581582898643
1271.680596889551
1275.131940189623
1276.2850508770523
1275.0282135433863
1271.374300893639
1265.4572546751233
1257.5170878202875
1247.8786814177115
1236.9300776292578
1225.1029295845026
1212.855125719339
1200.6552888673023
1188.9689151780537
1178.2452297516206
1168.9043064977643
1161.3252854330128
1155.8355129265212
1152.6984668780162
1152.0992195944239
1154.1290052345182
1158.7727560862204
1165.9040399187802
1175.2889762030127
1186.597067974297
1199.41725603561
1213.2791358178915
1227.6778291599737
1242.0991376567627
1256.0420763843729
1269.0375554590928
1280.6639880782475
1290.5617022323936
1298.4468533567922
1304.1239360561583
1307.4954811878406
1308.5663346965755
1307.4386538492838
1304.29645989482
1299.3841932052603
1292.985418584659
1285.4042738579963
1276.9495215991356
1267.9219421880575
1258.60672425533
1249.2713318578205
1240.1683360043737
1231.5425632453264
1223.6398813924673
1216.7116547438147
1211.0095210417978
1206.770854342639
1204.2000617904548
1203.4502628987361
1204.6074050322272
1207.6784607649083
1212.585848371402
1219.1705257496983
1227.2057854805846
1236.4204337050562
1246.5253899134075
1257.2369558515384
1268.2933592271545
1279.464378137299
1290.5552483827323
1301.4067796023849
1311.8932384178397
1321.918118136028
1331.407887269472
1340.3054384755267
1348.5659656473558
1356.1571994118515
1363.063004565736
1369.2866904861337
1374.8511721380644
1379.7950624767884
1384.165307762864
1388.010250574534
1391.3781062572698
1394.3207671174855
1396.898523109709
1399.1831248353164
1401.2595346877943
1403.226425093533
1405.19355797571
1407.27396247437
1409.5722669024321
1412.1741339434561
1415.1412071723062
1418.5129122911467
1422.3128329737647
1426.5543126846476
1431.241446061606
1436.3673852963575
1441.9147474496012
1447.8597614592334
1454.1771302896025
1460.841005781326
1467.8190444204567
1475.0599549949306
1482.479719055684
1489.9536238638768
1497.3168577100546
1504.3710560774593
1510.8938113329648
1516.650897178843
1521.4122712878977
1524.9708593320504
1527.161308123058
1527.8782423659313
1527.0951315237967
1524.8810748461933
1521.4094265823137
1516.9544893651364
1511.8769236469639
1506.6000433553013
1501.5787896829722
1497.2645555143017
1494.0711677427723
1492.346556389129
1492.3516508913492
1494.2464399312255
1498.083632939415
1503.8112007815969
1511.2842591105707
1520.283183208147
1530.5319080685458
1541.7127654328426
1553.4789858842282
1565.4675728556551
1577.31453963878
1588.6732522398506
1599.2340101360296
1608.74080508268
1617.0015198218398
1623.8902805789928
1629.3450094716404
1633.3662814202999
1636.0199129106813
1637.4378502611949
1637.809647727922
1637.3633862702177
1636.342464406484
1634.98478632272
1633.5055538727115
1632.0827340106287
1630.8466358782155
1629.8759677972832
1629.2004515521287
1628.8077102947807
1628.6514825724666
1628.659090216304
1628.7374023591703
1628.7773127589323
1628.6583977118707
1628.2568992282186
1627.45631973478
1626.1541158871344
1624.260684363345
1621.694894733067
1618.3812792056547
1614.2487734651988
1609.2300418916748
1603.2639397787873
1596.3034357718288
1588.326506039532
1579.3459094415243
1569.418070839141
1558.6544556396643
1547.2364077482762
1535.4299311062787
1523.5931586031586
1512.1684367258645
1501.656983644423
1492.583149003513
1485.4579156870398
1480.7470944248118
1478.845036147861
1480.052719025898
1484.559542862255
1492.4291660076544
1503.5903897208455
1517.835191879391
1534.8252137091245
1554.1031050487113
1575.102531924683
1597.1573098789845
1619.518272916499
1641.384817968234
1661.95072385457
1680.4592232761636
1696.2588914589035
1708.8481717013542
1717.897553237648
1723.2466384699896
1724.8823983839568
1722.9084381253367
1717.5133753300413
1708.9438526696351
1697.4857560586997
1683.4541046311408
1667.189275142136
1649.0580636959462
1629.4595619366305
1608.8328169790582
1587.6595340481226
1566.4566064587286
1545.7574325373153
1526.0844345658452
1507.9181950677967
1491.6690080604708
1477.6539997192094
1466.0814600053782
1457.0446884499665
1450.5287487816536
1446.4331072064476
1444.6073174084893
1444.8878838144126
1447.1225373089976
1451.1763933477337
1456.9242100147796
1464.2367320386745
1472.9669100286687
1482.938164209424
1493.9361135376798
1505.7070585043555
1517.9668011724873
1530.4193106342677
1542.779242322242
1554.7914170163065
1566.2440498564092
1576.9753870543464
1586.874512310723
1595.8781388476427
1603.9651004149705
1611.1485692464883
1617.4647266647432
1622.958528417726
1627.672233837248
1631.6440012440835
1634.9177826174243
1637.557848233278
1639.659194641908
1641.3492490447245
1642.782531381503
1644.1336453767824
1645.5913124074427
1647.3496784518786
1649.5920974126027
1652.4691052018559
1656.0769478743453
1660.4412355112033
1665.507971362946
1671.1439654267388
1677.1468427867574
1683.2620366308458
1689.203811215863
1694.678662258622
1699.4097375279075
1703.1595328923684
1705.7471113674444
1707.0580168595611
1707.047708868313
1705.739504255717
1703.2175815164214
1699.6169235185707
1695.1135298187369
1689.9167530740096
1684.2619441348095
1678.4008419551758
1672.5897122802915
1667.0761289957284
1662.0849985746272
1657.8065070407372
1654.3906564990702
1651.9503637999183
1650.5690324376526
1650.3061208863414
1651.1983655611587
1653.2579289294779
1656.4670630514072
1660.7682519195898
1666.0528105238968
1672.152332099368
1678.8334000905186
1685.7940440852076
1692.6641011716886
1699.0153638208153
1704.38540959743
1708.312498533899
1710.3738546654854
1710.2199486903469
1707.6015984461144
1702.390371645689
1694.5930792645286
1684.3589336326806
1671.976381415877
1657.857967920572
1642.5143395909845
1626.5197747714499
1610.4721822156791
1594.9524976031084
1580.4903490536833
1567.5416955304663
1556.479611632931
1547.5942931739683
1541.0967204914327
1537.122976144554
1535.73839592109
1536.940110101727
1540.6566209396428
1546.7455373756316
1554.9921812319997
1565.110849125429
1576.7493330933326
1589.4972148650882
1602.897880990107
1616.462835970551
1629.6872317385014
1642.0674826892184
1653.1219291400462
1662.4135258384442
1669.5718555836534
1674.3106890216632
1676.4377346222943
1675.856599011605
1672.5642488380795
1666.646979078555
1658.2760661435232
1647.703537311592
1635.2577794197166
1621.337356127142
1606.4010663582687
1590.9535847695888
1575.5277411029422
1560.6651328583396
1546.8953543355199
1534.711934217474
1524.5432932759893
1516.7207593615701
1511.449627276964
1508.789269658718
1508.6453757331028
1510.775392425481
1514.8068381384862
1520.2657758570188
1526.611263326371
1533.2717691511928
1539.6797166137092
1545.3013850911334
1549.6619418606467
1552.3663578250525
1553.115967250333
1551.7200046690698
1548.101385369202
1542.295992869229
1534.4457702525015
1524.7867920061963
1513.633663878368
1501.3627357504804
1488.3972710218152
1475.1944228155023
1462.2292057173956
1449.9712135841355
1438.8559113276128
1429.2577448434538
1421.4717868761777
1415.7038977862287
1412.0634723494027
1410.5550595717548
1411.0714038736394
1413.3924717951302
1417.1929180189168
1422.0581716858167
1427.5078790000648
1433.0247616588267
1438.0874523903824
1442.2062844941702
1444.9588125814319
1446.0188814816136
1445.174166841289
1442.3307719485742
1437.5053848532712
1430.8077424567668
1422.420332547247
1412.5828006267852
1401.5824761463448
1389.7468167048455
1377.4346192317062
1365.0261166042856
1352.9117395344476
1341.478158567421
1331.0917709209969
1322.0810644146343
1314.718722131888
1309.2050434153964
1305.655688358293
1304.095888821761
1304.461701994164
1306.608557361964
1310.326347451892
1315.3581127359134
1321.418093033049
1328.2050761525566
1335.4085727020538
1342.7091310340197
1349.7783435582755
1356.285203860365
1361.9125289264643
1366.382751170351
1369.4885763102325
1371.1208063023416
1371.2848571708128
1370.1017241555733
1367.7956326488047
1364.6730336477597
1361.0953195002526
1357.4470356157892
1354.1039123658238
1351.4050508079417
1349.6309448344155
1348.9880716597304
1349.600265072094
1351.5053353419403
1354.6558351106185
1358.925419306704
1364.1214401987925
1370.0004551425034
1376.2826448316716
1382.6652030884313
1388.8379222474036
1394.5020242391531
1399.3890160980354
1403.27622358928
1405.9988902699013
1407.4604457811745
1407.6418253411916
1406.6086806177855
1404.5138239777125
1401.5930360026439
1398.1535274712032
1394.554454379987
1391.180153134135
1388.4095893001136
1386.5869198817936
1385.997033082987
1386.8486963535572
1389.266602993477
1393.2906825027464
1398.8794363873324
1405.9159435405468
1414.2164716038128
1423.5409310862558
1433.6059195277533
1444.1038474894299
1454.7295444231781
1465.209663466843
1475.3274404262634
1484.9379801428463
1493.9730030538024
1502.4366764084734
1510.3960758815822
1517.9694090594417
1525.311902324397
1532.5972704900635
1539.995130631066
1547.6483354392524
1555.6540426489914
1564.0497851000937
1572.8054645201007
1581.822500780988
1590.9390447218032
1599.9390865919413
1608.5660785543835
1616.5432451985796
1623.599723746524
1629.4969966757765
1634.0487571996387
1637.131230344021
1638.685473199085
1638.7139022677882
1637.2725582166543
1634.4608654871295
1630.411029508067
1625.2795579764418
1619.2420755965284
1612.488446747279
1605.2137431154565
1597.6058848466605
1589.8362704797507
1582.0584514829145
1574.4154405200245
1567.0534837798245
1560.1371813068527
1553.8583087689994
1548.4343128580392
1544.1003845679504
1541.1014357957692
1539.6852345112127
1540.093891640728
1542.5520477468783
1547.2523151449534
1554.3392719570938
1563.894011155361
1575.9216155430747
1590.342348710528
1606.9856011232264
1625.586906237053
1645.790966997501
1667.162806253454
1689.2049707491788
1711.3764272920077
1733.1110482137153
1753.8373657120474
1773.0021940687745
1790.0976957648984
1804.6877009582595
1816.4286189600348
1825.0837867248279
1830.534467953054
1832.7910998832565
1832.003222189917
1828.4613992462337
1822.5852027580536
1814.8965036390318
1805.9821262925886
1796.4514444163988
1786.893060884526
1777.8336642903264
1769.7033529204543
1762.8125872042367
1757.3438027995858
1753.3567125297136
1750.8037115467478
1749.5524212427047
1749.4136292973774
1750.1698858547309
1751.5956457281634
1753.4634282742143
1755.5409106896811
1757.5888424391715
1759.3651801781793
1760.6355216618897
1761.1885221940165
1760.8534928802012
1759.5149210898062
1757.1189539407014
1753.6703830334743
1749.2230574287996
1743.868848479459
1737.7280894294
1730.94093192606
1723.6580963376887
1716.0297950334464
1708.192584101799
1700.2567844051332
1692.298853610845
1684.360424791556
1676.4520889929165
1668.5599193574385
1660.6541995548587
1652.69889262482
1644.659528441772
1636.5094982330047
1628.2357897111185
1619.8423744609647
1611.3486080912132
1602.7839940232789
1594.1837883591409
1585.5878055788455
1577.040468801191
1568.5884138033557
1560.2740757665727
1552.1277443921572
1544.1624927103405
1536.3739387543455
1528.743448517935
1521.242678006797
1513.8379157140955
1506.493201052402
1499.1722228317756
1491.8398641063116
1484.464559663547
1477.0230982386026
1469.5093483229086
1461.94583516593
1454.39361835381
1446.956461926139
1439.7796898707047
1433.0452521972657
1426.961425735527
1421.7455074233874
1417.601726537769
1414.6983043303005
1413.146500771152
1412.9844063360226
1414.168539314431
1416.57414277371
1420.0021335187075
1424.1904918496543
1428.8289294946524
1433.5745080776392
1438.0649583655763
1441.9291776131167
1444.797687159363
1446.3164108122003
1446.165093592983
1444.077003000082
1439.8533751159605
1433.3698800614022
1424.5790314465642
1413.5142358288176
1400.297424772174
1385.1467784438669
1368.3784417365187
1350.3988511781895
1331.689415500076
1312.7877822297762
1294.2680995031037
1276.7190415526538
1260.7171435092364
1246.7954263751737
1235.4107956764608
1226.9159432663498
1221.5411500704884
1219.3878204877142
1220.4308608019594
1224.5253154924485
1231.4152789040147
1240.7458934178044
1252.0789772650726
1264.911654777224
1278.697304733751
1292.8682070657906
1306.8590814686195
1320.1314977478235
1332.2002898487096
1342.6615963061367
1351.2186861784144
1357.6999665027631
1362.063776184233
1364.3872394621949
1364.8426130103458
1363.6697026036038
1361.1517317322102
1357.5961793005438
1353.3181856141969
1348.6253981545542
1343.8060241117237
1339.1226105036637
1334.8121951523399
1331.0896034560053
1328.148443907046
1326.1568192913746
1325.248372892892
1325.5113629433886
1326.9806867135405
1329.637646234361
1333.4172925618564
1338.21929058295
1343.9187539334343
1350.3740829088433
1357.430178021163
1364.9201631711778
1372.6710246499204
1380.5143934807288
1388.2983146961365
1395.894125864224
1403.1950766175169
1410.108420313745
1416.546358526033
1422.419712103546
1427.6337903457654
1432.0854231278179
1435.6637506282161
1438.258041712518
1439.7723095497324
1440.1434121864427
1439.3575255211415
1437.459357759171
1434.551392781782
1430.785152934862
1426.3483355195417
1421.4506717344357
1416.3106208909062
1411.1441060638426
1406.1542448852085
1401.5205109171563
1397.3882722560909
1393.8612705667738
1390.998889837112
1388.8188269021323
1387.3033642743317
1386.4046012236656
1386.045303924102
1386.1175967526933
1386.4847744338024
1386.9882276277808
1387.4567050973053
1387.7149718047217
1387.5924811122857
1386.9344765736205
1385.6152369411066
1383.549344575534
1380.6963044112513
1377.0568300760065
1372.6636856007976
1367.5725471357018
1361.8565173095521
1355.6049346346572
1348.9248165926265
1341.9400605065807
1334.7829529980406
1327.5776592984694
1320.4207532403755
1313.3650975982464
1306.4128869070832
1299.522227400382
1292.6268752281132
1285.663165603696
1278.596634689986
1271.4426800270521
1264.278417495053
1257.2458962380997
1250.5471969642024
1244.429770133996
1239.1617959615833
1235.0035567882805
1232.184578287894
1230.8919825111032
1231.266857903358
1233.4016972580823
1237.3346586762716
1243.0395075691467
1250.412927631964
1259.2650096418208
1269.3187588597214
1280.2188087433713
1291.5464805715064
1302.840465627162
1313.623389297464
1323.4326472355692
1331.8520993789718
1338.539810313244
1343.2462941569122
1345.820438305608
1346.2066096580777
1344.4405891336098
1340.6491093020115
1335.0511809032705
1327.956229253478
1319.7563393370444
1310.9134481068027
1301.9431781999265
1293.3950226336913
1285.8264689827154
1279.7695546648404
1275.6927778739296
1273.966305721989
1274.8385425673587
1278.4252380996388
1284.7060468238205
1293.5249571620893
1304.59524917825
1317.5095528208299
1331.7538232799723
1346.7252548057734
1361.7556960386762
1376.1407251032797
1389.172719803371
1400.1761849647219
1408.5443194631002
1413.7768337176753
1415.518135814076
1413.5903947948293
1408.013386391049
1399.0073898939818
1386.9810307255061
1372.5068390256222
1356.2861043440585
1339.1048541375064
1321.7839955962945
1305.128250372767
1289.879070875044
1276.6740411766395
1266.0125591835854
1258.2292394883218
1253.4781887529864
1251.7291120344114
1252.775302337328
1256.2557170055468
1261.6916347511167
1268.5318065360593
1276.1973556271919
1284.1220468570818
1291.7868593079031
1298.7461298161165
1304.6427871493454
1309.2154531363358
1312.302608324013
1313.8442990428912
1313.877773543608
1312.5257961737316
1309.9799922122413
1306.4819655576687
1302.3042047955137
1297.7324689735942
1293.0512245705306
1288.533321129927
1284.433401769079
1280.982625350074
1278.3821375925609
1276.7939429486682
1276.329373576844
1277.0368660704085
1278.8918874492667
1281.7923740480783
1285.562380544513
1289.9647061575317
1294.7211118350094
1299.5374323333879
1304.1309317988544
1308.257260320964
1311.7331914487581
1314.451508866866
1316.3868780815696
1317.5926761291996
1318.188422082356
1318.3400308258344
1318.2395586088319
1318.090571750916
1318.0992664761925
1318.4675685235118
1319.3858333956484
1321.0252865318837
1323.531295147574
1327.0183967395592
1331.5665020157219
1337.2160146025162
1343.9605239527482
1351.738295927452
1360.4253188986982
1369.8335888863944
1379.718371319855
1389.7948930554353
1399.7599537357885
1409.3127822582555
1418.1730288552887
1426.0972345849802
1432.8949120802622
1438.4428928669702
1442.6956718188303
1445.6912159944106
1447.5531522763195
1448.4891948018424
1448.7837519839584
1448.7831324820488
1448.8746066257768
1449.4619050267374
1450.938479788179
1453.6592658744364
1457.9132606227677
1463.9008739177746
1471.7196365861005
1481.3597039795789
1492.7081601913446
1505.5598730192535
1519.632946528384
1534.5874845750188
1550.0463647303325
1565.6168459245903
1580.912790191888
1595.5772308067328
1609.3029806538782
1621.847831862721
1633.042535155414
1642.7918582906111
1651.0697789035432
1657.9102669369852
1663.395962928131
1667.6475174075267
1670.815149973194
1673.0717395996724
1674.6059660907636
1675.6148456926037
1676.295337540157
1676.8352094079423
1677.4053762333317
1678.1563121703375
1679.217547727175
1680.6957805892525
1682.668160589008
1685.1718793372347
1688.1947549486752
1691.6704767151675
1695.478635397107
1699.4485524437016
1703.3671595925828
1706.9915667494326
1710.066606504439
1712.3472556585284
1713.6234812459634
1713.7416637761555
1712.6172880156623
1710.2386469941264
1706.6654210146226
1702.0254745536638
1696.50958853012
1690.3615250295552
1683.862951642454
1677.3168168517852
1671.033228207532
1665.3187217771394
1660.467637598464
1656.754051425431
1654.4229364139323
1653.680393023329
1654.6837762080859
1657.5313615191285
1662.2500745029226
1668.7821112203424
1676.9753224962901
1686.5832382712197
1697.2767584181654
1708.6644698394741
1720.3175488837062
1731.797842946383
1742.6882912741808
1752.6224152039151
1761.3091630472982
1768.5514081574083
1774.2567364440145
1778.4380346220555
1781.2020961710516
1782.7275912592106
1783.2372397878255
1782.969885919554
1782.156168763112
1781.0000884557421
1779.6682451745871
1778.2862049049281
1776.9394023205648
1775.6772414609743
1774.5205587110536
1773.4707106428166
1772.5155407923733
1771.628263494724
1770.7603465749762
1769.8338920730396
1768.7390505298636
1767.3391494031073
1765.4834582412275
1763.025758748928
1759.8457363491837
1755.8690969354045
1751.0815293921214
1745.5326984274475
1739.329712627917
1732.6229022439072
1725.5885000806709
1718.4127637130478
1711.2806260920183
1704.3693530624591
1697.8440068807347
1691.8501163582591
1686.5035230754538
1681.8829696123837
1678.030207976284
1674.9568385112748
1672.652922387335
1671.0924483006681
1670.2339683322116
1670.0175445465268
1670.3587276939938
1671.1391367040037
1672.1955215553892
1673.3132015873675
1674.2307293746971
1674.6593167524663
1674.3142084343772
1672.9491118824283
1670.3830152998798
1666.5118575400154
1661.30443632793
1654.7890324772272
1647.0382156720725
1638.155126142877
1628.2622223155465
1617.4939253413913
1605.9941510586405
1593.917597840791
1581.4315004487778
1568.7149380449412
1555.9563230664162
1543.3520640670472
1531.1062756228348
1519.4267760742396
1508.5143751438675
1498.5488036282948
1489.676735944722
1482.0040012835348
1475.5908794553457
1470.4490913451689
1466.5409235660645
1463.782442725742
1462.0514069476249
1461.198123193701
1461.0579091978975
1461.4652737615131
1462.2684781446003
1463.340168848601
1464.5800780330753
1465.9099958989366
1467.2644566046122
1468.5803722478731
1469.788552765045
1470.811048689956
1471.5664964018547
1471.9801023358261
1471.9915546783789
1471.55708099168
1470.6469197871554
1469.240813050627
1467.3227473325312
1464.875978502184
1461.879565360818
1458.3072754630275
1454.130518606907
1449.3268932097199
1443.8929758487775
1437.8580401691224
1431.2966288360183
1424.3389723498124
1417.1774950965844
1410.067384104616
1403.3209467523234
1397.2967788397684
1392.383254563241
1388.9750313847364
1387.4439469893373
1388.1078423836723
1391.2002849619432
1396.8438874734447
1405.0308168828453
1415.614021317664
1428.3105728612475
1442.7160690089256
1458.3282835389075
1474.5778563408544
1490.862425972312
1506.580049368958
1521.158540243343
1534.0780471142505
1544.885256472536
1553.2000805775228
1558.7181334312738
1561.212643938679
1560.5381263292693
1556.6365520147526
1549.5450096701902
1539.4020865876676
1526.4497507205522
1511.0295445602987
1493.5749315003056
1474.6013866980174
1454.6923198169366
1434.4779676319263
1414.6075666006245
1395.7180103064127
1378.4032731175562
1363.1891848489697
1350.5159508947688
1340.7269057159592
1334.0620257999292
1330.658124133999
1330.5568033374232
1333.715663195186
1340.015230294493
1349.257061654469
1361.1552067476518
1375.3288758391227
1391.3042324562807
1408.5289009016965
1426.397959436896
1444.2859691031058
1461.5780363732651
1477.6964878544793
1492.1252031928327
1504.434905055389
1514.309119333532
1521.5666917444175
1526.175450680675
1528.252869934256
1528.052831998491
1525.9409634176197
1522.3628588885817
1517.8098459177143
1512.786570888927
1507.784303017648
1503.2619296988762
1499.6321669844747
1497.2485664740861
1496.39288293034
1497.2659681309842
1499.9836851986472
1504.5769222117437
1510.9952589123345
1519.1145909274032
1528.7480927538336
1539.6590387993658
1551.5741667472978
1564.196353745855
1577.2162831496755
1590.3251153990211
1603.2302544083182
1615.6726027141349
1627.4398292678154
1638.3697386538488
1648.3423911667899
1657.2657875041496
1665.061490432011
1671.6535705856966
1676.9612487047061
1680.8950933876952
1683.3582307739605
1684.2535910940283
1683.4941287343484
1681.01121139289
1676.759613132152
1670.720547474959
1662.9044674047457
1653.3540019095924
1642.145393760182
1629.3874586373709
1615.2199105537907
1599.8124801260342
1583.3642430834511
1566.1034492916922
1548.2886866893866
1530.2101089189941
1512.1880439789059
1494.566627792335
1477.701042793828
1461.9391971343744
1447.6014641342242
1434.9625430496537
1424.2372896383717
1415.5697714004434
1409.024310851663
1404.5793702744802
1402.1268043984503
1401.4777922765109
1402.3742900008324
1404.5042399367705
1407.519848907348
1411.0574031064166
1414.7547233147222
1418.2638777540283
1421.2615685086691
1423.4609245356949
1424.6253770852954
1424.5826499807542
1423.2362765268197
1420.5717015549226
1416.654177931502
1411.6184494961697
1405.6537019820316
1398.9872560699514
1391.8686608896571
1384.5557284504007
1377.3038657207014
1370.358325822385
1363.9479214490257
1358.2794089208141
1353.5329279161317
1349.8587440771782
1347.3737225082791
1346.1558985190866
1346.2390588530702
1347.6110064091974
1350.2154928398575
1353.953980999574
1358.6846097015707
1364.219653851957
1370.32456972772
1376.720633727681
1383.0918620279265
1389.0962476402633
1394.3809932069892
1398.6025486411447
1401.4538640665196
1402.6991356748774
1402.2101031784605
1399.9930637264679
1396.1970479165748
1391.1009587541266
1385.0857355020416
1378.6002488576194
1372.1266502413089
1366.1472614839606
1361.112135401179
1357.4054301892652
1355.3127118851141
1354.9963040985897
1356.48496665698
1359.6783515581228
1364.3616715914636
1370.2253182118807
1376.8875389738432
1383.922129894623
1390.8925102651976
1397.3886260329064
1403.0601912809982
1407.6415188904791
1410.9658482549564
1412.9692486480917
1413.6862581404157
1413.2397542642784
1411.8269276626186
1409.7034639268122
1407.1681539096749
1404.5494642379624
1402.1944726528504
1400.459333839269
1399.699846014129
1400.2607505340995
1402.4630450500597
1406.5899407084298
1412.8725026440559
1421.4748670897313
1432.4781274398022
1445.8631821230033
1461.4961022511104
1479.1215545618877
1498.3677170957133
1518.7623011910541
1539.75605100979
1560.7485689830814
1581.1124576212078
1600.213211706824
1617.423204487588
1632.1313262883318
1643.7545436675057
1651.759458988691
1655.6977289207678
1655.249765080134
1650.2641516698845
1640.7828667979397
1627.0497428434328
1609.503343199367
1588.7573834132274
1565.5736342831176
1540.8292994550404
1515.4770916641137
1490.4996624315734
1466.8650395024558
1445.4880016978102
1427.1978573989786
1412.711500628732
1402.6103621472091
1397.3191243628592
1397.0847676215974
1401.9578261250103
1411.7808579087337
1426.1885124482883
1444.6202452936293
1466.3456900777448
1490.504120100821
1516.1570072979475
1542.345818704338
1568.1442910873534
1592.6996944590828
1615.2650126588762
1635.2265897690584
1652.1288862953575
1665.6932372426927
1675.8251853177899
1682.6068396994647
1686.2749670866644
1687.1888882887076
1685.7931903745673
1682.579278775945
1678.0481979927824
1672.6775627510083
1666.8980818571836
1661.0845882113274
1655.5599042381195
1650.603851710117
1646.4611483363096
1643.346133504856
1641.4415802598808
1640.8882423912773
1641.7675752268576
1644.0855326695134
1647.763662295983
1652.638645878547
1658.46882783633
1664.9462454763143
1671.711907266452
1678.3706673785325
1684.5040017098004
1689.6839532322028
1693.4923149976528
1695.5439261269998
1695.5100664762292
1693.1399123326362
1688.2784554829157
1680.8781101733348
1671.0019767670465
1658.8176400857212
1644.581890601336
1628.6207442085163
1611.3112804645136
1593.068994007682
1574.3395921371807
1555.5906767876916
1537.2988327242642
1519.9322394213532
1503.933294862792
1489.7044415966288
1477.5962273552007
1467.8957331364184
1460.8153956894023
1456.4833102364396
1454.936677502573
1456.12081259988
1459.895187207718
1466.045546117047
1474.299416902346
1484.3419458414837
1495.8293087923341
1508.3981960945741
1521.6725863481306
1535.270672518926
1548.813071031787
1561.9317630282355
1574.280411975172
1585.5469813673058
1595.4660774030954
1603.8257402236704
1610.4660747802661
1615.2714997523528
1618.1599599809765
1619.072690492837
1617.967597235607
1614.8170819168236
1609.6095547344203
1602.3538966366218
1593.0867699830137
1581.8836454337547
1568.8723837729742
1554.242288961906
1538.2396876715827
1521.1482355954045
1503.261557150322
1484.8586429478082
1466.1878803328852
1447.4602820258276
1428.8510774367728
1410.5088531697181
1392.5703814226727
1375.178290306077
1358.4977396043407
1342.7269059990615
1328.0965809236434
1314.857969287666
1303.2620272128488
1293.5346497490384
1285.8510800699007
1280.313432405346
1276.9352279035263
1275.633545614743
1276.2268859993446
1278.439156002947
1281.9121611504827
1286.2255838774447
1290.9203498536351
1295.5239531126915
1299.5787234190088
1302.670519232596
1304.4516172011777
1304.6539780561093
1303.0944540165858
1299.6761214903286
1294.3885822197255
1287.3067921472425
1278.5854184190055
1268.445732577526
1257.1547766311387
1245.0000129374757
1232.2640694337917
1219.2028773192915
1206.0282583147264
1192.8950357712413
1179.8936409812954
1167.0502475229237
1154.3363425377593
1141.688259341668
1129.0340078829124
1116.321013785856
1103.5373883238199
1090.722433055412
1077.9674403307354
1065.4107849010713
1053.2291866444323
1041.6245524361325
1030.8070892514709
1020.9777141138165
1012.3136209029873
1004.960195014012
999.0296667083585
994.6031230174585
991.7312710609916
990.4320060785107
990.6869262192689
992.4409587030101
995.6072266833331
1000.0740195383888
1005.7080133832118
1012.3525066223424
1019.825407757143
1027.920762728003
1036.4117245021907
1045.0499617053304
1053.5606509782306
1061.6382038794595
1068.9478909947302
1075.1342477541932
1079.835302718893
1082.7027501611935
1083.4281745701605
1081.7726015288338
1077.5936427378301
1070.8651723175255
1061.6882318480593
1050.2942993035263
1037.041556248003
1022.4034222428404
1006.9489007838902
991.316699609378
976.1860179944563
962.2442456881458
950.1504091294981
940.4962947729646
933.7704028421123
930.3291945408123
930.3780837921134
933.9644045889955
940.9834981652873
951.1947293033344
964.2412086847257
979.6698916923552
996.9533311353009
1015.5134645019563
1034.743512523559
1054.0244140737182
1072.7371230219767
1090.2750908668038
1106.0611270930756
1119.571072267915
1130.3627069073539
1138.104552024698
1142.5997511574237
1143.8027853720046
1141.8270911322866
1136.9416356710042
1129.5571935388941
1120.2051808219383
1109.5103177080061
1098.157361730123
1086.8547290169042
1076.2993651573875
1067.1447129909093
1059.9706368678849
1055.2542739327955
1053.343376574141
1054.43600243722
1058.5711980441934
1065.6343031040785
1075.3762213567686
1087.440904380262
1101.3948264379735
1116.7551303090322
1133.0148485383804
1149.664821880548
1166.2133525127533
1182.2040359942423
1197.2310346706051
1210.952208973526
1223.1009004838797
1233.494117021042
1242.034257387764
1248.7061801766604
1253.5740856571022
1256.7795501603202
1258.5380388639696
1259.1308607839285
1258.892091155442
1258.191417323408
1257.4127601798025
1256.9280593870901
1257.0683280229573
1258.0979103810112
1260.1981418569649
1263.4622829348941
1267.898794718001
1273.438579080951
1279.9438376038293
1287.2192374823014
1295.0279120958423
1303.1146263528144
1311.2356619739978
1319.190382955193
1326.8461741488072
1334.149560479207
1341.1215231796962
1347.8401897278982
1354.4159273104738
1360.9643371178013
1367.5832854274588
1374.3382404664237
1381.2566207374266
1388.3307459215896
1395.5284147785753
1402.8075308060377
1410.130609218891
1417.4770742393812
1424.8510019745756
1432.2809678938108
1439.8123986794758
1447.4981203964435
1455.3915429258113
1463.5397802773882
1471.9708120494722
1480.6741059802355
1489.58125824703
1498.5548533762415
1507.3894802474358
1515.8232338397563
1523.5558012795093
1530.2699238559826
1535.6534547107128
1539.4198253496002
1541.3266031156
1541.1921865055297
1538.908242000918
1534.445056770979
1527.8509383759583
1519.2489410131566
1508.831398529108
1496.8511062426041
1483.609897124735
1469.4464040354565
1454.7246558527925
1439.8250088275854
1425.1373394800028
1411.0551689430574
1397.9693367933453
1386.2586484582675
1376.2751337685659
1368.3255972066281
1362.6539132715636
1359.4269502906013
1358.725189769825
1360.539033900984
1364.7703314679216
1371.2361997550126
1379.6731895998707
1389.7430874515353
1401.0427478082534
1413.1194783351307
1425.4915827272193
1437.6707384697831
1449.1822123365826
1459.5825318607926
1468.4774452294555
1475.54042781461
1480.5265730230058
1483.2759659914318
1483.7052849372578
1481.7913981958413
1477.5538501126255
1471.0431457070886
1462.3374781155928
1451.5456385670059
1438.8124850835336
1424.324062412212
1408.3094290610247
1391.03698387286
1372.80666782588
1353.9421857164136
1334.785529774025
1315.6924239440857
1297.0262276496414
