916.594432
970.108735
914.333264
1226.374412
1233.157915
767.357362
1313.80623
1121.606973
1645.444165
1857.240209
1767.547222
1144.218651
898.50509
1285.918495
1465.304469
1162.307992
1148.740986
1033.421432
1493.945926
1480.37892
1480.37892
1045.480993
1284.41105
1398.223159
1194.718063
1367.320533
1538.415559
1512.035268
1354.50725
1246.724921
1220.344631
1169.091496
1001.011361
1377.118927
1354.50725
1346.970024
1325.865792
1238.433973
1398.976882
1480.37892
1534.646946
1167.58405
1223.359521
1486.408701
1640.921829
1995.17144
1484.901256
1432.894398
1361.290753
1067.338948
947.497058
1471.334249
1192.456896
1618.310152
1625.093655
1395.208269
1805.987073
1481.132643
1263.306818
1557.258623
1551.228842
2017.029395
1362.044475
1307.77645
1655.996281
1838.397144
1493.945926
1423.096004
1594.191029
1035.682599
1268.582876
1262.553095
2240.131278
1401.991772
1888.142834
1678.607958
1900.202396
1156.278212
1439.677901
2380.323677
1934.119912
1634.892048
1728.353648
1464.550746
1481.132643
1330.388127
1735.137151
1574.594242
1392.193379
2014.014505
1653.735113
1862.516267
1822.56897
1887.389112
1595.698474
1579.8703
1696.6973
1829.352473
1855.732764
1895.68006
1790.912622
1907.739621
1453.244907
1769.80839
1829.352473
1755.487661
1911.508234
2537.851696
1624.339932
1686.898906
1962.007647
1329.634405
1268.582876
1605.496868
1288.933385
1631.123436
1867.792325
1806.740796
2181.340917
1407.26783
1918.291737
2249.175949
1655.242558
2314.749813
2180.587194
1642.429274
2190.385588
2093.909098
1681.622848
1903.971009
1632.630881
1610.772926
1786.390286
1966.529982
2124.058001
1991.402827
1591.176139
1826.337583
1720.0627
1954.470421
1890.404002
2175.311136
1925.075241
1701.219635
1826.337583
1512.788991
2250.683394
1729.861093
1787.144009
1758.502551
1573.84052
1504.498043
1576.101687
1989.895382
1701.219635
1544.445339
2215.258433
1988.387937
1348.477469
1978.589544
1382.394985
2125.565446
1800.711015
1725.338758
1215.822295
1824.830138
2188.12442
1421.588559
1675.593068
1672.578177
1478.117752
1408.775275
1871.560938
1556.5049
1107.286244
2048.685743
1530.12461
1738.905764
1578.362855
1613.034094
2867.982185
1801.464738
2486.598561
1531.632055
1689.160074
1606.25059
1227.881857
1010.056032
1561.780958
1612.280371
1812.016854
1273.858934
1670.31701
2017.783118
1307.022727
2052.454356
1796.942403
1874.575828
2111.99844
2098.431433
1935.627357
1527.10972
1992.15655
1324.358347
1916.784292
2402.181632
1611.526649
1499.221985
1342.447688
1704.234526
1477.36403
2078.080924
1770.562112
1440.431623
1771.315835
1469.826804
1666.548397
1772.82328
1788.651454
2070.543698
2318.518426
1603.2357
1314.559953
1653.735113
1818.800357
1686.898906
1455.506075
1446.461404
1504.498043
1307.77645
2029.842679
1537.661836
1809.755686
1766.039777
1437.416733
1133.666534
1607.758036
1778.099338
1931.858744
1151.755876
1882.113054
1586.653803
1763.778609
1559.519791
1952.962976
1666.548397
1533.1395
1875.329551
1241.448863
1789.405177
1600.22081
1683.130293
1629.61599
1767.547222
1745.689267
1560.273513
1457.01352
1787.897732
2104.461214
2066.021363
1649.212777
1386.91732
2084.110705
1690.667519
1705.741971
1864.023712
1527.863442
2338.868936
1827.845028
1784.129119
1512.035268
1631.877158
1798.449848
1860.255099
1962.76137
1654.488835
1475.856585
1262.553095
1408.021553
1890.404002
2243.146168
1282.903605
1655.996281
1861.762544
1700.465913
1906.232176
1984.619324
2069.789976
1713.279196
1865.531157
1923.567796
2206.967485
1669.563287
2176.064859
2197.169091
1515.803881
1851.964151
2249.929672
1809.755686
1942.41086
1238.433973
1905.478454
1583.638913
1561.780958
1238.433973
1787.144009
2122.550556
1591.929862
1833.874809
2026.827789
2399.920464
2519.762354
1942.41086
2296.660471
1519.572494
2118.02822
1486.408701
1857.993931
1841.412035
1531.632055
1778.099338
2072.051143
2422.532142
1726.09248
1625.847377
1268.582876
2103.707492
1585.900081
1965.022537
1849.702983
1973.313486
2216.012156
1227.128134
1680.115403
1781.867951
1632.630881
2185.863252
1831.613641
1603.989423
1919.04546
1919.04546
1886.635389
1878.344441
1591.176139
1994.417718
1761.517441
1322.850901
2217.519601
1236.172805
2113.505885
1518.818772
1929.597576
1738.905764
1592.683584
1756.995106
2381.0774
1735.137151
1951.455531
1891.157725
1483.39381
1928.843854
1866.28488
1772.82328
1696.6973
1499.975707
1435.909288
1496.207094
1656.750003
1967.283705
1941.657137
2145.162233
1836.889699
1865.531157
1757.748829
1910.754512
1603.989423
2532.575638
2528.053303
1744.935545
1548.213952
1749.45788
1867.038602
1824.076415
1727.599925
1510.527823
2139.132453
1842.91948
1809.001964
1830.859919
1788.651454
2535.590528
2188.12442
2165.512743
1725.338758
1952.209253
1700.465913
1444.200236
1817.292912
1983.111879
1593.437307
1531.632055
1888.896557
1674.839345
1691.421242
2473.031554
1604.743145
2078.834646
2061.499027
1896.433783
1410.28272
2211.48982
2207.721207
1879.851886
2382.584845
2212.243543
2168.527633
1717.047809
2075.066034
2154.206904
2258.974342
1922.814073
1854.979041
1977.082099
2374.293897
2127.072891
2362.988058
2063.006472
2044.163408
2038.133627
1667.302119
2255.20573
2329.070542
2417.256084
2651.663805
2467.001774
2148.177124
2772.259418
2421.778419
2172.296246
2422.532142
2493.382064
2548.403812
2594.380889
1883.620499
2765.475914
2665.984534
2624.529792
3148.366984
2307.96631
2428.561922
2822.75883
3125.001584
2725.528618
2529.560748
2922.250211
2877.780578
2316.257258
3051.136771
2552.172425
3105.404797
2996.868746
3471.713969
2539.359141
2645.634025
2738.341902
3170.224938
3111.434577
2971.995901
2929.787436
3697.07702
3466.437911
3957.111309
4166.646186
3781.493949
3515.429879
3686.524904
3712.905194
4080.721812
4032.483567
3577.23513
3804.105626
4100.318599
4207.347205
4326.435372
4286.488075
5001.017079
4879.667744
5367.326251
5489.429309
5659.770611
5487.168141
6065.273358
6034.370732
5983.87132
6072.056861
6075.825474
7039.082928
6509.969679
6516.753182
6400.679905
7002.904244
7678.993396
14072.82202
29353.79355
6405.20224
-1832.231807
-725.013341
803.536046
4217.899321
6934.31549
14240.90215
7805.618789
4107.855825
6110.496713
8677.675811
8242.777884
5916.79001
7895.311776
7496.592532
7196.610947
8430.454806
7753.611931
9541.441885
8232.225768
7810.141124
8967.859003
9061.320603
9534.658381
9196.990667
9542.94933
9658.268884
9640.179542
9643.194433
9662.037497
9481.897801
9050.768487
9111.820016
8629.437566
8376.18678
8911.32981
8914.3447
8803.547481
8648.28063
8638.482237
8510.349399
8773.398578
9574.605678
8889.471855
8639.989682
9226.385847
9613.799252
9145.737532
9629.627426
9500.740865
10114.27104
10169.29279
10577.05671
649.022917
-2113.370329
-1506.623654
1642.429274
7089.582341
21514.32503
10032.86901
8787.719307
10255.97089
6306.464583
15606.64746
1486.408701
9492.449917
15348.87434
7511.666984
11896.82494
9621.336478
13545.96994
11451.3749
8979.918565
14411.99718
11603.62686
12939.97699
10926.78398
11021.75303
10383.35
9901.721277
11027.02909
10601.17583
10501.68445
9452.50262
9184.931106
9493.20364
9157.797093
9338.690511
9401.249485
9478.129188
9906.997335
10089.3982
9865.542593
10221.29965
9711.029465
9909.258502
10453.4462
10720.264
10619.26517
10806.94209
11587.04496
10902.66486
11320.98089
10510.72912
10985.57434
10351.69366
10818.24793
10197.18053
10905.67975
10510.72912
10560.47481
10644.89174
10105.22637
10522.03496
10145.17367
10332.85059
10615.49656
10525.80357
10629.06356
10646.39918
10640.3694
10641.12313
10509.9754
11425.74833
11453.63606
11844.81808
11790.55006
11490.56847
11834.26597
11450.62117
11630.00715
11435.54672
11036.07376
11630.76087
11076.77478
11122.75185
11628.4997
11343.59257
11838.03458
11185.31083
11623.97737
12018.17427
11790.55006
12337.75265
11419.71855
12554.07103
12119.92682
12089.77792
12214.14214
12396.54301
12614.36883
12274.43995
12196.80653
12808.07554
12248.05966
12455.33337
12514.87745
12227.70915
12444.02753
12618.89117
12467.39293
12243.53732
12901.53713
12497.54183
12022.69661
12595.52577
12646.7789
13195.48894
12909.82808
12557.08592
13452.50834
13061.32632
13205.28733
13789.42233
13173.63099
12896.26108
13331.159
13505.26892
13334.92762
13869.31692
13234.68251
13700.48307
13959.00991
13788.66861
14216.78303
14148.19428
13894.94349
13799.97445
13919.06261
13893.43605
13712.54263
14514.50345
14295.17018
14738.35906
14347.93076
14564.24914
14829.55949
15153.6602
15313.44938
14191.15646
14638.86768
14372.80361
15427.26149
15406.91098
15221.49523
14647.15862
15161.95114
15449.11945
15594.5879
15656.39315
15301.38982
15442.33594
15833.51796
15718.95213
16505.8385
16083.75386
15879.49504
16461.36887
16748.53717
15878.74132
16413.13062
16124.45488
16267.66217
16337.75836
15876.48015
16886.4684
16224.69998
17043.2427
16702.56009
17244.48663
17365.83596
17032.69058
16728.94038
17265.59086
17463.8199
17166.09948
17120.1224
17048.51876
16769.6414
17878.36731
17485.67785
17664.3101
17373.37319
16898.52796
17233.93451
17188.71115
17274.63553
16597.79265
17317.59772
17369.60457
17185.69626
17478.14062
17144.24152
17189.46488
18074.33518
17784.15199
17865.55403
17742.69725
18105.99153
17886.65826
17730.63769
18049.46234
18029.11183
18322.30991
18055.49212
18105.99153
17791.68922
18025.34322
18626.81383
17959.01563
18231.8632
17983.13475
18109.76014
18779.06579
18509.98683
18172.31912
18437.62947
19051.15964
17930.37417
18205.48291
18705.9547
19013.47351
19248.63496
18823.53542
19009.7049
18727.05894
18867.25133
19275.76897
18277.84028
19106.18139
19544.84793
19308.93276
19372.99918
19068.49526
19220.74722
19300.64182
19402.39436
19509.42297
19258.43335
19620.97391
19398.62575
19388.07364
18871.77367
19161.20314
19019.5033
19351.14123
18880.06462
18860.46783
19337.57422
19026.2868
19623.9888
19266.7243
19672.98077
19437.81933
19527.51231
19540.3256
19522.98998
19431.03582
19751.36792
20534.48568
19819.20295
19901.35871
19591.57873
19776.24076
19851.61302
19965.42513
20223.95197
20054.36439
20410.12145
19800.35989
20179.48234
20698.7972
20310.63007
20289.52584
20898.53368
21062.09148
20765.12478
20664.12596
20775.6769
21334.18533
21037.21863
21111.08345
21214.34344
21349.25978
21254.29074
21068.87498
21211.32855
21096.76272
21339.46139
21073.39732
20385.24861
20700.30464
21359.8119
21179.6722
20840.49704
21321.37205
21750.99392
21239.97001
21391.46825
21356.04328
21879.12675
21725.36735
21212.08227
21618.33874
22222.07053
22121.0717
22158.75783
22318.54702
22438.38891
21698.98706
22637.37167
21962.03624
22471.5527
22060.02017
22601.19298
22837.10815
22868.7645
22996.89734
23014.98668
22837.10815
22868.01077
23232.8125
23150.65674
23103.92594
23124.27645
22549.93985
23559.9281
23293.11031
23587.06211
22775.3029
23033.82974
23631.53175
23633.79291
23290.84914
23259.94652
23517.71964
23228.29017
23417.47453
24716.89226
23498.87657
23201.15615
23308.18476
23315.72199
23811.67144
23925.48355
23592.33817
23816.9475
23320.24432
23300.64753
23463.45161
23213.96944
23731.77685
23868.95436
24364.15009
23679.01627
24120.6977
23954.87873
24104.1158
24079.24296
23640.57642
24527.70789
24288.02411
24294.80761
24168.93594
24223.95769
24594.03548
24546.55095
24603.83387
24822.41342
25114.10406
24348.32192
24085.27274
23960.15479
24088.28763
24313.65068
24757.59328
24371.68732
24933.96436
24872.15911
24043.06427
25072.64931
24811.10758
24564.6403
23933.02078
24725.93693
24593.28175
24317.41929
24479.46965
24982.2026
24618.1546
24737.99649
24920.39735
25073.40304
25047.02275
25283.69164
25431.42126
24955.82231
25351.52667
25251.28156
24566.14774
24790.75707
24670.91518
24907.58407
25047.02275
25188.72259
25424.63776
25095.26099
25350.77294
25283.69164
25782.65598
25076.41793
25831.64795
25644.72475
25834.66284
25689.19438
25922.09466
26138.41304
25557.29293
25570.10621
26330.6123
25582.16578
25655.27687
26305.73945
25936.41539
25559.5541
25310.82565
26162.53216
25457.04783
26283.8815
25527.89775
26213.7853
26215.29274
25643.2173
26081.13012
26013.29509
26380.35799
26151.22632
26380.35799
26462.51375
26053.99611
26826.56175
26134.64443
26465.52864
26345.68675
26243.18048
26186.65128
25396.75002
26046.45888
26468.54353
26465.52864
26101.48063
26620.04176
26439.90207
26794.9054
27048.90991
26743.65227
26510.75199
27108.45399
26929.82174
27030.82057
27186.08742
27197.39326
27160.46085
27594.60506
27699.3725
26932.83663
27088.85721
26329.10485
26641.146
26865.75533
26981.07488
27061.7232
27186.08742
27037.60407
26546.17695
27222.2661
26433.87229
27109.96144
26676.57096
26901.18029
27073.78276
27200.40815
27127.29706
27368.48828
26640.39227
27372.2569
27439.33821
27210.20654
27070.76787
27394.11485
27238.848
26889.87445
27518.47908
27596.1125
27053.43225
27147.64757
27117.49867
26749.68205
27130.31195
27122.77472
27235.83311
26506.98338
26634.36249
27030.06685
27697.86505
26693.90658
26567.28118
27072.27531
27099.40932
27315.7277
27588.57528
27302.1607
27171.01297
27650.38053
26999.16422
26854.44949
26753.45066
27132.57312
27230.55705
27508.68068
26825.05431
27850.11701
27462.70361
27837.30373
26921.5308
27599.12739
27503.40463
27233.57194
26974.29138
27760.42402
27903.63131
27676.76082
27700.12622
27841.82606
27191.36348
27469.48711
27758.16286
27217.74377
27184.57998
27057.20086
27391.09996
27115.99122
27333.06332
27338.33938
27350.39894
27044.38758
27071.52159
27315.7277
26849.92715
26754.95811
26842.38993
26914.74729
26929.82174
27033.83546
26853.69576
27427.27865
26711.99592
26620.79549
27128.05078
27130.31195
26619.28804
27039.86524
27041.37269
27024.03707
27418.9877
26854.44949
26945.64992
26912.48612
26975.0451
26954.69459
27186.08742
27060.21575
27120.51356
27423.51003
27851.62446
27734.04373
27597.61995
27451.39777
27814.69205
27489.0839
26659.23534
27252.41501
26465.52864
27748.36446
27668.46987
27061.7232
27486.82273
27679.02199
27348.8915
27192.87092
27893.0792
27023.28334
27070.01414
27496.62112
27376.77923
27036.09663
27777.00592
27376.77923
26306.49317
26548.43812
27324.77237
27002.93283
26675.81724
26200.97201
26607.9822
26970.52276
26584.6168
26421.81273
26342.67186
26506.98338
26295.94106
27184.57998
27333.81705
26682.60074
26912.48612
27045.1413
27197.39326
26835.60642
26362.26864
26292.92617
27443.86054
26856.71065
26389.40266
26447.43929
26901.93401
26649.43695
26369.05215
26712.74964
25763.81292
26067.56312
26322.32135
25917.57232
25839.18517
26614.01198
25717.08212
27191.36348
27311.20537
25843.70751
25934.15422
25773.61131
26029.87699
25355.29528
26010.2802
25546.74081
25653.0157
25689.9481
25590.45672
25684.67205
26365.28353
25974.10152
25433.68243
25987.66852
24984.46377
24993.50844
24961.09837
25288.21397
25319.87032
25397.50374
25486.44301
26257.50121
26573.31097
25980.1313
26079.62268
25373.38462
25311.57937
25656.03059
25592.71789
25730.64912
25577.64344
26179.86778
25249.0204
25251.28156
25897.97554
25094.50727
25503.02491
24257.87521
24707.09386
23848.60385
24526.20045
25573.87483
25169.87953
25379.4144
25210.58055
25747.23102
25988.42225
25490.21162
25439.71221
25124.65617
25237.71456
24755.33211
24762.11561
25592.71789
24641.52
25305.54959
25006.32173
24768.14539
25126.16362
24461.3803
24751.5635
24378.47082
25123.14873
23734.03802
24405.60483
24706.34014
24405.60483
24490.02176
24584.23708
25262.5874
25077.17165
24781.7124
24887.23356
25736.6789
24661.11679
24931.70319
24929.44202
24193.05507
24110.14558
23957.1399
24108.63814
24392.03783
23988.79625
23786.7986
23975.22924
23999.34836
24302.34484
24012.16165
24275.21083
24208.12952
24406.35856
24010.6542
23612.68868
23958.64734
24336.26236
24395.80644
23715.19495
24209.63696
24477.9622
24614.38599
24334.00119
23947.34151
24248.83054
23720.47101
23539.57759
23697.85933
23636.05408
23798.85816
23581.03233
23688.06094
23773.23159
23676.00138
23394.86286
23528.27175
23657.91204
23162.7163
23821.46984
23461.94417
23785.29115
23229.79761
23828.25334
24021.96004
23073.02332
23306.67731
22893.63734
23489.07818
22733.09443
23187.58915
22639.63283
23399.38519
23073.02332
22674.30407
22869.51822
22400.70278
22847.66027
22839.36932
23049.65792
23253.16301
23119.00039
23230.55133
23355.66928
22690.13225
23399.38519
22868.7645
22860.47355
22347.9422
22412.76234
23044.38186
22177.60089
22110.51958
22641.14028
22683.34874
22525.067
22122.57915
22485.87343
22314.7784
22029.11755
22575.56641
22561.24569
22540.89518
22360.00176
22289.90556
22367.53898
22147.45199
22366.78526
21956.00646
21317.60343
21895.70865
22180.61578
21501.51174
21381.66985
21248.26096
21221.88067
21331.17044
21619.84619
21591.95845
21450.25861
21788.68004
21220.37322
21544.47393
21700.4945
21950.7304
21693.711
20912.10069
21160.07541
21779.63537
21586.68239
21607.78663
21414.83365
21451.01233
21187.20943
21328.90927
21119.3744
21175.14987
20673.92435
20604.58188
20824.66887
20619.65633
20432.73313
20524.68728
20978.42827
20340.02525
20477.20276
20342.28642
21010.83834
20685.98391
20264.65299
19622.48136
20291.03328
20367.91299
20186.26584
20354.34598
19997.8352
19935.27623
20507.35166
20165.91534
20168.1765
19776.24076
19710.6669
19712.17434
19755.13653
19863.67258
19299.88809
19149.14358
18964.48155
19563.691
18876.29601
19079.8011
18631.33617
18925.28797
18958.45177
18794.14024
18585.35909
18619.27661
18636.61223
18617.01544
18248.4451
18144.43138
18186.63985
17864.80031
17602.50485
18117.29737
17931.12789
18047.95489
18069.05913
17704.2574
17519.59537
17420.85771
17613.05697
18045.69373
17798.47272
17957.50818
17936.40395
17903.99388
17985.39592
17481.90924
17473.61829
17597.98251
17786.41316
17869.32264
17291.97115
17157.05481
16812.60359
17141.98035
17247.50152
17799.98016
17701.24251
17506.78208
17416.33537
17203.03188
16673.16491
17041.73525
16860.08811
17516.58048
17001.78796
16952.79599
16995.00445
17325.13494
16107.87298
14485.10827
14751.17234
18699.1712
22764.75078
17955.24702
18678.82069
16756.82812
18501.69588
17254.28502
17724.60791
17448.74544
17932.63534
16299.31851
18203.22174
16916.6173
16386.75033
16470.41354
15654.88571
14979.55028
15617.9533
14875.53656
14595.15177
14001.9721
14056.99385
14827.29832
14347.17704
14647.15862
14621.53206
14442.14608
14439.88492
14776.79891
14497.92155
14501.69017
14623.0395
14888.34985
15084.31772
14834.08182
15253.15158
15073.7656
14138.39588
13223.37668
14061.51618
14598.16666
14996.8859
14088.65019
13410.29987
13659.02833
15821.4584
14586.1071
12852.54517
13504.5152
12722.90488
13362.06163
13151.01931
12055.8604
12592.51088
11121.99813
11630.76087
11762.66232
11819.19151
11822.2064
11700.85707
11546.34394
11466.44935
11204.15389
11268.97403
11389.56964
11357.15957
11669.95444
11868.9372
11700.85707
11651.11138
11456.65095
11847.07925
11268.22031
10733.831
11174.00499
11493.58336
11424.24088
11306.66016
11011.20091
11026.27536
10956.17916
11108.43112
11464.18818
11286.30965
10830.30749
11162.69915
11121.24441
10647.15291
11397.86059
11292.33943
10594.39233
10303.45541
10547.66153
10637.35451
10650.92152
10974.2685
10477.56533
10238.63527
10052.46579
10121.80827
10504.69934
10401.43935
10721.77144
10489.62489
10277.82884
10004.98127
10964.47011
10429.32708
10216.77731
10015.53339
9907.751057
10533.3408
10290.64213
10376.5665
10056.98813
9808.259677
9641.686987
10196.4268
9629.627426
9441.196782
9078.656222
9141.968919
9475.114298
9585.157794
9478.129188
9389.189924
9527.874878
9529.382323
9195.483222
9262.564531
9203.77417
9248.243802
9179.655047
9457.024956
9007.052577
9210.557673
9218.094899
9319.093724
9831.625077
9398.234595
8929.419152
9287.437376
9414.062769
8992.731848
9212.065118
9276.131537
8848.017113
9368.839414
9182.669938
8658.079024
9057.55199
8077.712639
8538.237134
8967.105281
8915.098423
8722.145443
8693.503985
8802.040036
8618.88545
8323.4262
8542.005747
8489.998889
8205.845478
8483.969109
8737.973617
8201.323142
8299.307077
8731.943837
8963.336668
7997.064324
7997.818046
8020.429724
7610.404641
7389.563926
7329.26612
8049.824904
7995.556879
7853.103311
7769.440105
7894.558053
7478.50319
7757.380544
7546.338222
7920.938343
7703.112519
7493.577642
6904.920309
6491.880337
7216.961456
7796.574118
7242.588024
6975.770231
7085.813728
7458.906403
6990.844683
7004.411689
7087.321173
7173.999269
7338.310791
7461.167571
7059.433437
6999.889354
7479.256913
6788.09331
6739.855065
6780.556084
6916.226148
6932.054322
6469.268659
6785.832142
6850.652284
6276.31568
6228.077435
6669.005142
6254.457725
6524.290408
6526.551575
6030.602119
5961.259642
6381.83684
6648.654633
6063.765913
6145.921674
6144.414229
6105.974377
6375.053337
6420.276692
5879.103881
5404.258658
6233.353493
6207.726925
5861.768262
6139.891893
6200.189699
6032.109565
6082.608977
5878.350159
5985.378765
5861.768262
5651.479663
5093.724956
5446.467122
5993.669713
5293.461439
5365.818806
5280.648155
5549.727115
4884.943802
5061.314885
5889.655997
5796.94812
5322.102897
5782.627391
6219.786486
5223.365239
5470.586244
5896.439501
5373.356032
5212.0594
5548.21967
5244.469471
5516.563322
5086.941453
4756.810964
5565.555289
5417.825664
4838.966725
5180.403052
5028.151092
4698.020603
4981.420292
4947.502776
4833.690667
4156.09407
4768.116802
4891.727305
4612.096229
3856.866206
4542.753752
5570.831347
5256.529032
4287.995521
4645.260022
5379.385813
4645.260022
4645.260022
4816.355047
4811.078989
4669.379145
4379.949675
4107.102102
5210.551955
4682.946151
4854.041176
4269.906179
3735.516871
3793.55351
4147.803121
4569.887765
4240.510998
3890.783722
4425.926752
4429.695365
4175.690857
4324.927927
4585.715939
3632.256878
4137.251005
4312.114643
4023.438896
4407.083688
4277.443405
4063.386193
3395.587989
3301.372667
4030.222399
3803.351903
3723.45731
3277.253544
3486.788421
3405.386383
3384.28215
3653.361111
3878.724161
3960.126199
3926.208684
3104.651074
3951.835251
3663.159504
4166.646186
3979.722986
3789.784897
3431.01295
2996.115023
3319.462009
3498.847982
3715.166362
3559.899511
2999.129913
3130.277642
3330.767847
3781.493949
3152.889319
3312.678506
2847.631675
3357.90186
3394.834266
2806.930656
3259.917925
3216.955738
3381.26726
2825.773721
3129.523919
2653.17125
3081.285674
2854.415179
2793.36365
2635.081909
2889.086417
3042.0921
3203.388732
2548.403812
3470.960247
3688.032349
3362.424196
2469.262942
3040.584655
3489.049589
2283.847188
2589.858554
3127.262752
2852.907733
2740.603069
2584.582496
2356.204555
2652.417528
2916.22043
3063.196332
2963.704952
2802.408321
2057.730414
2442.882651
2376.555065
2508.456516
2157.221795
2659.201031
2230.332885
2215.258433
2572.522935
2782.811534
2480.56878
2046.424576
2144.408511
2277.817407
2252.190839
2453.434767
2512.978851
1876.083273
2145.915956
1812.016854
1580.624023
1913.015679
1782.621674
2182.09464
2117.274498
1692.174964
2188.878143
2108.229827
2179.833472
2675.782928
2738.341902
1567.057016
1494.699649
1629.61599
2035.118737
1829.352473
1931.105021
1940.149692
2274.802517
2066.021363
1823.322693
1718.555255
1775.83817
1822.56897
1879.851886
1729.107371
2038.88735
1898.69495
2010.999615
1784.882841
1543.691617
1816.53919
1830.859919
1961.253924
1699.71219
1582.885191
1379.380095
1906.985899
2126.319169
2066.775085
2058.484137
2029.088956
1554.997455
2176.064859
1937.134802
1830.106196
1922.06035
1809.755686
1260.291927
1567.810739
1680.869126
1733.629706
1787.144009
1629.61599
1851.964151
1795.434957
1614.541539
2165.512743
1662.779784
2148.930846
2506.195348
1958.239034
1891.911447
1729.107371
1796.18868
1545.199062
1830.859919
1605.496868
1518.818772
1790.158899
2222.795659
1965.77626
1750.211603
2355.450832
2062.25275
2128.580337
2117.274498
1515.803881
1866.28488
1824.830138
2326.809374
1858.747654
1660.518616
2312.488645
1872.31466
1689.913797
1506.005488
1866.28488
2078.834646
2247.668504
1511.281546
1394.454546
1637.153216
1957.485312
1655.996281
1858.747654
2264.2504
1675.593068
1624.339932
2068.28253
2177.572304
2282.339742
1876.083273
1822.56897
1777.345616
1935.627357
1935.627357
1744.181822
2044.163408
1776.591893
1703.480803
1892.66517
1702.72708
1558.012346
1844.426925
1337.925353
2090.140485
2057.730414
1449.476294
1843.673202
1680.115403
1747.196712
1724.585035
1528.617165
1740.413209
1125.375586
1571.579352
1613.787816
993.474135
2095.416543
1736.644596
1726.846203
1291.948276
1857.993931
1546.706507
1667.302119
1501.483152
1209.038792
1378.626372
1399.730604
1900.956118
1551.982565
1781.114228
1431.386953
1281.39616
1644.690442
1554.997455
1955.224144
1517.311326
1298.731779
1389.932211
1319.082289
1556.5049
1765.286054
1158.53938
1723.07759
2004.216111
1034.928877
1487.916146
1546.706507
1633.384603
1401.238049
1340.186521
1481.132643
1286.672218
1565.549571
1472.087972
1404.25294
1554.997455
1238.433973
1906.985899
1651.473945
1878.344441
1916.03057
1292.701998
1415.558778
1515.803881
1335.664185
1523.341107
1047.742161
847.251955
1181.151057
1090.704348
1246.724921
1249.739811
1546.706507
911.318374
1202.255289
1410.28272
1916.784292
1892.66517
1064.324057
1475.102862
1537.661836
1068.846393
1261.04565
881.169471
1705.741971
1010.056032
1279.134992
1059.047999
1363.551921
1449.476294
1165.322883
1863.269989
1368.074256
1175.121276
1297.978056
1409.528998
1140.450038
1059.047999
1359.029585
1009.302309
1034.928877
1483.39381
1181.904779
1107.286244
628.672408
1481.886365
1513.542713
1002.518806
1503.74432
1169.845218
1020.608148
878.908303
1174.367554
1307.022727
1335.664185
1028.899096
761.327581
951.265671
851.020568
1473.595417
1027.391651
1374.857759
1059.801722
944.482168
760.573859
1279.888715
900.766258
1068.09267
1216.576018
962.571509
964.078955
799.01371
1101.256464
1268.582876
857.050349
994.98158
830.670058
1345.462579
1083.167122
1108.039967
990.459245
1397.469437
1061.309167
690.477659
1270.844044
1095.226683
1521.079939
1151.002154
1181.151057
1412.543888
1176.628721
1564.042126
1441.939069
1159.293102
567.620879
924.885381
1092.211793
1160.046825
1800.711015
1665.040952
1444.200236
1270.090321
1392.947101
1266.321708
1092.965515
1340.940243
922.624213
1118.592083
1212.053683
1273.858934
674.649485
1089.196902
1050.003328
1444.200236
903.027426
1743.4281
1338.679076
962.571509
1403.499217
1466.058191
1124.621864
1389.932211
1193.964341
1236.926528
875.13969
1195.471786
1126.883031
1310.037618
1214.31485
1427.61834
1238.433973
1008.548587
1076.383619
1120.099528
1589.668694
1314.559953
1361.290753
1435.155565
1518.065049
1209.038792
1685.391461
1720.816422
934.683774
1281.39616
1338.679076
1353.753527
1468.319359
1529.370888
1034.175154
980.660851
950.511948
1013.070922
1370.335424
1296.470611
1291.948276
1392.193379
1478.871475
1398.976882
1032.667709
1720.816422
1502.990597
1245.971199
1247.478644
1028.899096
1498.468262
688.970214
1053.771941
1576.101687
1506.005488
1273.858934
1279.134992
1856.486486
1545.952784
1291.948276
1473.595417
1457.767243
1391.439656
1160.046825
1112.562302
1449.476294
1460.02841
1273.858934
1301.746669
1454.752352
1441.939069
1634.138326
1760.009996
704.798388
904.534871
1034.175154
1432.140675
1445.707682
1665.040952
1689.913797
1179.643612
1495.453372
1349.984914
1409.528998
1111.80858
1386.91732
1117.83836
1591.176139
961.817787
1045.480993
1498.468262
1506.005488
1712.525474
1571.579352
1141.957483
1175.874999
1452.491185
1521.079939
1227.128134
1555.751178
1007.794864
1417.066224
1779.606783
1445.707682
1329.634405
1460.782133
1214.31485
1340.940243
767.357362
1326.619514
1666.548397
1057.540554
1582.131468
1509.774101
1228.635579
1922.06035
1343.955134
803.536046
1588.161249
1509.020378
1087.689457
1886.635389
1515.050159
1002.518806
1914.523125
1330.388127
1133.666534
1460.02841
1166.076605
1074.122451
1594.191029
1279.134992
1105.025077
890.214142
1639.414384
1285.164773
1730.614816
1405.760385
1421.588559
1574.594242
1413.297611
1274.612656
990.459245
1141.957483
395.772131
1586.653803
1111.80858
1219.590908
1289.687108
392.757241
1485.654978
1646.95161
823.132833
1763.024887
1080.152232
1426.110895
1721.570145
1648.459055
2058.484137
1334.15674
1211.29996
1417.066224
1433.64812
1013.070922
1046.234716
1417.819946
1239.941418
1204.516457
1974.820931
1487.162423
1416.312501
1142.711205
1095.226683
1625.847377
1702.72708
1567.810739
1511.281546
1219.590908
1533.893223
820.871665
1174.367554
1411.790166
1013.824645
1377.118927
1511.281546
1149.494709
1519.572494
1625.093655
1755.487661
1572.333075
1536.908113
1270.844044
817.103052
1631.123436
1126.883031
1298.731779
1677.100513
1511.281546
1375.611482
1207.531347
1218.837186
1747.950435
1241.448863
1564.042126
1850.456706
1165.322883
1835.382254
1585.146358
1471.334249
1401.991772
1153.263322
1585.146358
1216.576018
1551.982565
1763.024887
1152.509599
1546.706507
1219.590908
1480.37892
1346.970024
1394.454546
1529.370888
1189.442005
1255.015869
1518.065049
1214.31485
1916.784292
1371.089146
1482.640088
1478.871475
1160.046825
1488.669868
1741.920654
1049.249606
1117.084638
1591.176139
1614.541539
1684.637739
1215.822295
1720.0627
1691.421242
1515.050159
1354.50725
1252.754702
1746.44299
1483.39381
1199.240399
1772.069557
1716.294087
1154.017044
1134.420257
1557.258623
1502.990597
1286.672218
1679.36168
838.961007
1233.157915
832.177504
889.460419
1318.328566
1804.479628
1769.80839
1448.722572
1697.451022
1256.523315
1316.067398
1238.433973
2050.193189
1612.280371
1772.069557
1513.542713
1260.291927
1613.034094
921.116768
1102.010186
1277.627547
1245.971199
1203.762734
1251.247257
1258.03076
1463.043301
1162.307992
940.713555
1352.246082
1598.713365
1262.553095
1534.646946
1386.91732
1637.906939
884.938084
1164.56916
1541.430449
1536.154391
1530.12461
1386.163598
1218.837186
1474.349139
1151.002154
1101.256464
1509.020378
1641.675552
1643.182997
1438.170456
1261.04565
1296.470611
1237.68025
1438.924178
1361.290753
1338.679076
738.715904
748.514297
1053.771941
970.862458
1004.026251
1088.44318
1053.771941
1245.971199
1320.589734
1038.69749
1323.604624
1355.260972
2179.079749
1181.151057
1604.743145
1470.580527
1236.172805
1296.470611
936.944942
1119.345806
1095.226683
1201.501566
1352.246082
848.7594
1097.487851
1157.785657
1034.175154
1638.660661
1408.021553
1394.454546
750.775465
1410.28272
499.032124
1507.512933
946.743335
1026.637929
944.482168
967.093845
1273.858934
675.403207
816.349329
1210.546237
1038.69749
984.429464
1297.978056
1359.029585
1426.864617
2077.327201
819.36422
1429.879507
1577.609133
1187.93456
1265.567986
1570.071907
1676.34679
1246.724921
1315.313676
1181.904779
788.461594
1169.845218
1239.187695
1420.081114
1104.271354
1217.329741
959.556619
1294.963166
1576.101687
947.497058
1282.149882
1300.992947
1103.517631
1668.809564
1252.754702
961.817787
1255.769592
789.969039
841.222174
1616.048984
1592.683584
1463.797023
1311.545063
1497.714539
1357.52214
1708.003138
780.170646
1016.839535
1598.713365
1367.320533
1423.849727
1472.087972
1171.352663
1417.819946
1262.553095
1325.112069
1036.436322
1266.321708
1465.304469
1195.471786
1285.164773
1606.25059
1543.691617
1714.032919
2659.201031
1414.805056
1262.553095
1834.628531
1690.667519
1151.002154
1444.200236
1634.892048
1509.020378
1304.76156
1660.518616
1467.565636
1437.416733
1833.121086
2206.213762
1723.831313
1326.619514
1274.612656
1786.390286
1430.63323
1907.739621
1554.243733
1506.005488
1855.732764
1668.055842
1431.386953
1434.401843
1980.096989
1593.437307
1398.976882
1538.415559
1453.99863
1829.352473
1250.493534
1826.337583
1826.337583
1574.594242
1717.047809
1671.824455
1255.769592
1464.550746
1600.974532
1697.451022
1660.518616
1751.719048
1520.326217
1740.413209
2133.102672
1714.786642
1766.793499
2145.162233
1533.1395
1504.498043
1178.889889
1570.071907
1841.412035
1498.468262
1750.965325
1523.341107
1480.37892
1320.589734
1653.735113
1809.001964
1492.438481
1545.199062
1853.471596
1667.302119
1688.406351
2003.462389
1842.165757
1948.440641
1755.487661
1664.287229
1423.849727
1335.664185
1733.629706
1574.594242
1893.418892
1560.273513
1561.027236
1690.667519
1929.597576
2151.192014
1490.177314
2059.991582
1499.221985
2116.520775
1511.281546
2119.535666
1371.089146
1797.696125
1203.009012
1658.257448
1402.745495
1417.819946
1039.451212
1769.80839
1511.281546
2331.33171
1081.659677
1977.082099
1903.971009
1854.979041
1521.833662
1571.579352
2029.088956
1493.192204
1466.811914
1683.884016
1896.433783
1417.819946
1470.580527
1580.624023
1496.207094
1130.651644
1790.912622
1159.293102
1318.328566
1375.611482
1876.083273
1178.136167
1453.99863
1779.606783
1523.341107
1884.374222
1899.448673
1560.273513
1678.607958
1148.740986
1144.972373
2094.662821
1187.93456
1478.117752
1396.715714
1381.641262
1389.178488
1243.710031
1183.412225
1204.516457
1869.29977
1625.847377
1405.006662
1365.813088
1328.880682
1284.41105
1204.516457
1322.097179
1790.158899
1818.046635
1438.924178
1291.194553
1453.99863
1860.255099
619.627737
1241.448863
1244.463753
1269.336598
1351.492359
1392.947101
1190.94945
1181.151057
1552.736287
1796.942403
1644.690442
1381.641262
1627.354823
1925.828963
963.325232
1022.869316
1420.834836
1268.582876
1402.745495
1533.893223
1310.79134
1475.856585
1370.335424
1551.982565
1564.042126
1318.328566
730.424956
1757.748829
1180.397334
1368.074256
994.227858
1843.673202
1484.147533
1302.500392
1152.509599
1407.26783
893.229032
1310.037618
1363.551921
1269.336598
1078.644786
1527.10972
1463.043301
1334.910463
1460.782133
1564.795849
1310.79134
1453.244907
1201.501566
1018.34698
1525.602275
1358.275863
1610.019203
1228.635579
1528.617165
1499.221985
1518.065049
1434.401843
1418.573669
1004.026251
1230.896747
1487.162423
1240.69514
1389.932211
1337.925353
722.134007
960.310342
1604.743145
1445.707682
1671.070732
1092.965515
1307.77645
1288.179663
1218.083463
1609.265481
1470.580527
1264.06054
1300.239224
1129.144199
1711.018029
1419.327391
973.123626
1476.610307
1197.732954
1352.246082
1117.084638
1683.130293
1477.36403
1465.304469
1115.577193
1039.451212
1216.576018
1117.83836
1270.090321
1597.959642
1861.008822
1543.691617
1672.578177
982.922019
1361.290753
1457.01352
1748.704158
1126.883031
889.460419
1349.231192
1138.942593
1585.900081
1021.36187
1509.020378
1550.47512
1297.224334
1478.117752
1273.858934
1164.56916
1160.800547
1086.182012
1047.742161
1458.520965
1517.311326
970.862458
1451.737462
1238.433973
1366.566811
1627.354823
1579.116578
923.377935
1056.033109
1457.01352
1548.213952
1333.403017
1293.455721
1258.03076
1128.390476
634.702188
1233.911637
1126.883031
1312.298785
1017.593258
1304.007837
1801.464738
1349.231192
798.259988
1136.681425
1657.503726
909.810929
1579.116578
806.550936
1656.750003
1035.682599
1355.260972
1331.895572
1283.657327
1567.810739
918.8556
1077.891064
1185.673392
1255.015869
1313.052508
1698.204745
1267.075431
894.736477
1075.629896
1095.980406
1095.226683
1049.249606
1233.911637
947.497058
1531.632055
1377.87265
1352.999805
1376.365204
1483.39381
1577.609133
1498.468262
944.482168
1065.831503
1131.405367
1546.706507
1941.657137
1186.427115
1083.920844
1089.950625
961.064064
1080.152232
886.445529
1343.955134
1049.249606
1181.151057
978.399684
1489.423591
676.910653
845.74451
825.394
1580.624023
1123.114418
866.09502
876.647136
1181.904779
1034.928877
994.227858
1554.997455
988.9518
1212.807405
1261.04565
1445.707682
1062.816612
1090.704348
1335.664185
1533.1395
1893.418892
1107.286244
1690.667519
1022.115593
1371.089146
1386.91732
1187.180837
996.489025
707.059556
1280.642437
1460.782133
1297.978056
1377.87265
1178.889889
1175.874999
1463.797023
1302.500392
1071.107561
1221.098353
1077.891064
1600.22081
1172.106386
1368.074256
1117.83836
1430.63323
1623.58621
1717.801532
1615.295261
1477.36403
1321.343456
1588.914971
1514.296436
1293.455721
1481.132643
1035.682599
1467.565636
1181.904779
1331.895572
1226.374412
1421.588559
1450.230017
911.318374
959.556619
1447.215127
1115.577193
1561.780958
1550.47512
1709.510584
1075.629896
1444.200236
1640.168106
1470.580527
1488.669868
1671.070732
1297.224334
1369.581701
1132.912812
1081.659677
2103.707492
1706.495693
1668.055842
1634.892048
1653.735113
1398.976882
1608.511758
1292.701998
957.295451
1732.122261
1414.805056
1465.304469
1814.278022
1932.612466
1643.182997
1295.716889
1753.980216
1707.249416
1355.260972
1371.089146
1839.150867
1545.952784
1352.246082
1470.580527
1839.150867
1668.809564
1410.28272
1753.226493
1681.622848
1603.2357
1073.368728
1181.904779
1126.129309
1242.956308
1781.114228
1506.005488
1375.611482
1888.896557
1656.750003
1790.158899
1524.09483
1347.723746
1785.636564
1540.676726
1585.900081
1359.029585
1775.83817
1723.07759
1788.651454
1640.168106
1336.417908
2329.070542
1604.743145
1343.201411
1116.330915
1847.441815
2072.051143
1436.663011
1450.230017
1775.084448
1435.909288
1774.330725
1409.528998
2292.891858
1439.677901
1861.008822
1704.234526
1405.006662
1894.926338
1377.118927
1636.399494
1649.9665
1824.830138
1600.974532
2022.305453
2709.700444
1594.191029
1600.974532
1421.588559
1411.036443
1364.305643
1166.830328
1914.523125
1600.974532
2081.849537
1195.471786
868.356187
1347.723746
1613.034094
1827.845028
1756.995106
1389.932211
1486.408701
1974.067208
1634.138326
1325.865792
1123.868141
1086.935735
1509.020378
1992.910273
2102.200046
1224.113244
1491.684759
1341.693966
1340.940243
1294.963166
1718.555255
1839.904589
1660.518616
1665.040952
1248.232366
1588.914971
1089.950625
1475.856585
1249.739811
1421.588559
1111.054857
1598.713365
1720.816422
1423.849727
1556.5049
2081.095814
956.541729
1062.06289
1574.594242
1308.530172
1651.473945
1585.900081
1895.68006
1450.98374
1432.140675
1295.716889
1644.690442
1341.693966
2048.685743
1327.373237
1788.651454
1518.065049
1337.17163
1410.28272
1424.603449
1111.80858
1209.792515
982.922019
1545.952784
1218.083463
1067.338948
1221.852076
1339.432798
1554.997455
1718.555255
1580.624023
974.631071
1232.404192
1573.84052
1605.496868
1388.424766
1411.790166
1164.56916
1398.976882
925.639103
993.474135
1141.20376
1238.433973
1248.232366
1166.830328
1083.920844
1071.107561
1135.17398
1594.944752
1332.649295
1357.52214
1435.155565
1238.433973
1184.165947
1387.671043
1769.80839
1324.358347
1043.219825
1150.248431
1349.231192
1047.742161
1336.417908
1216.576018
1531.632055
869.863632
1999.693776
1744.935545
2150.438291
1097.487851
967.093845
1912.261957
1513.542713
1328.126959
1092.965515
1349.231192
1160.800547
1496.960817
1167.58405
1646.95161
1261.04565
1458.520965
1599.467087
1221.098353
1276.120102
1441.185346
1779.606783
1445.707682
1597.20592
1671.824455
929.407716
1176.628721
1200.747844
1135.17398
1097.487851
1726.846203
1758.502551
1985.373047
1717.047809
1810.509409
1499.975707
1222.605799
1474.349139
1738.905764
1179.643612
1506.005488
1484.147533
1207.531347
1649.9665
1708.003138
1340.186521
1692.174964
1510.527823
1695.189855
1377.118927
1191.703173
1401.991772
1375.611482
1356.014695
1194.718063
1714.786642
952.019393
1061.309167
1566.303294
1451.737462
1836.135977
1693.682409
1695.943577
1454.752352
1677.854235
1714.032919
1358.275863
1316.821121
1820.307802
1499.221985
1431.386953
1723.07759
579.68044
1035.682599
1307.022727
1457.767243
1510.527823
1034.175154
1534.646946
1564.042126
1203.762734
1719.308977
1553.49001
1542.184171
1797.696125
1486.408701
1028.899096
1751.719048
2155.714349
1496.207094
1561.780958
1640.921829
976.892238
1729.107371
1444.953959
1447.968849
1711.771751
1717.047809
1368.827979
1986.880492
1637.153216
1520.326217
1781.114228
1691.421242
1524.848552
1747.950435
1745.689267
1646.197887
1432.140675
1651.473945
1700.465913
1596.452197
1562.534681
1704.234526
1787.144009
1961.253924
1685.391461
1414.051333
1876.836996
1460.782133
1879.098163
1813.524299
1485.654978
1837.643422
1494.699649
1110.301135
1545.952784
1351.492359
1721.570145
1469.073081
1730.614816
2041.148518
1129.144199
1487.162423
1138.942593
1253.508424
1719.308977
1533.1395
2067.528808
1076.383619
1724.585035
1256.523315
1447.968849
1562.534681
1491.684759
1145.726096
1288.179663
1119.345806
1897.187505
1692.174964
1713.279196
1816.53919
1408.021553
1475.856585
2060.745305
1420.081114
1648.459055
1996.678886
1766.039777
1743.4281
1883.620499
1308.530172
1809.001964
1496.207094
1075.629896
1441.939069
1511.281546
1106.532522
1620.571319
1356.014695
2158.72924
1970.298595
1794.681235
1882.113054
1302.500392
1458.520965
1077.137341
1330.388127
1621.325042
2126.319169
2480.56878
2111.244717
1452.491185
1422.342282
1603.2357
1642.429274
2007.984724
1471.334249
1655.996281
2011.753337
1842.91948
1657.503726
1550.47512
1980.096989
1232.404192
1144.218651
1390.685933
1279.888715
1891.911447
1384.656153
1932.612466
1597.20592
2044.163408
1481.886365
1251.247257
1332.649295
1513.542713
1880.605609
1296.470611
1356.014695
1346.216301
1343.201411
1652.227668
1982.358157
1664.287229
1502.236875
1419.327391
1435.155565
1428.372062
1210.546237
1355.260972
1710.264306
1119.345806
1428.372062
2078.834646
1309.283895
2093.155375
2064.513918
1623.58621
1536.154391
1227.128134
1447.215127
1519.572494
1747.196712
1272.351489
1406.514107
1845.180647
1528.617165
1645.444165
1444.200236
1722.323867
1977.082099
1295.716889
1965.77626
1785.636564
999.503916
2164.75902
1703.480803
1597.20592
1673.3319
1613.034094
1582.885191
1478.117752
1910.754512
1393.700824
1487.916146
1911.508234
1383.90243
1504.498043
1890.404002
1796.18868
2080.342092
1715.540364
1074.876173
1423.096004
1729.107371
1879.851886
1771.315835
1970.298595
1936.381079
1594.191029
1735.890874
1338.679076
1424.603449
1140.450038
1936.381079
1436.663011
1426.864617
1480.37892
1550.47512
1259.538205
1738.152042
1967.283705
2154.206904
1612.280371
1459.274688
1777.345616
1977.082099
1565.549571
1084.674567
1387.671043
1959.746479
1561.780958
935.437497
1536.154391
1987.634215
2129.334059
1879.098163
1700.465913
1108.793689
1131.405367
1300.992947
1846.688093
1389.932211
1544.445339
1198.486676
1308.530172
1803.725906
1463.043301
1852.717873
1676.34679
1720.816422
1608.511758
1465.304469
1035.682599
1034.175154
1040.958657
1298.731779
1540.676726
1325.865792
1302.500392
1770.562112
1394.454546
1937.134802
1840.658312
1356.014695
1047.742161
1447.968849
1696.6973
896.997645
1230.143024
1236.926528
1838.397144
1396.715714
1117.084638
1282.903605
982.168296
1056.033109
1107.286244
1204.516457
1322.850901
1493.945926
1437.416733
1215.068573
1472.841694
1314.559953
1071.861283
1688.406351
961.817787
877.400858
928.653993
1446.461404
1534.646946
1345.462579
1267.075431
1337.925353
1147.987263
788.461594
1193.210618
1279.134992
1404.25294
1687.652629
1375.611482
1065.831503
1099.749019
1206.023902
1386.163598
1038.69749
1031.913987
1563.288404
1093.719238
1065.831503
1109.547412
924.131658
720.626562
936.191219
1082.413399
921.116768
1086.182012
1019.100703
1034.175154
1132.159089
1571.579352
1126.883031
1270.844044
1705.741971
1207.531347
663.343646
922.624213
1024.376761
1085.42829
783.939259
627.164963
884.184361
767.357362
889.460419
1114.069747
962.571509
1180.397334
1186.427115
871.371078
1075.629896
988.198077
898.50509
978.399684
910.564652
1219.590908
1871.560938
890.967865
1285.164773
1425.357172
1327.373237
1340.186521
1241.448863
644.500582
1075.629896
936.944942
1262.553095
1200.747844
834.438671
912.072097
416.876363
981.414574
1042.466103
1178.889889
1531.632055
994.227858
994.98158
1006.287419
871.371078
1218.083463
1555.751178
1250.493534
791.476484
1431.386953
1624.339932
1058.294277
863.080129
1258.03076
1434.401843
1288.179663
1126.883031
1230.896747
909.810929
1129.897922
1199.240399
1294.209443
1087.689457
1251.247257
1319.836011
921.87049
1191.703173
1602.481978
1110.301135
1490.931036
1227.881857
1031.913987
1513.542713
1235.419082
1672.578177
657.313866
1221.098353
1199.994121
970.108735
1150.248431
1455.506075
1076.383619
1371.842869
1493.945926
1380.133817
1382.394985
1327.373237
1427.61834
906.042316
1415.558778
914.333264
427.42848
962.571509
1194.718063
1475.856585
1411.036443
1530.12461
1616.048984
1374.857759
891.721587
1056.786832
1275.366379
1294.963166
1230.143024
1274.612656
982.922019
646.008027
1417.066224
1726.09248
1294.209443
1656.750003
1300.239224
1340.940243
1126.883031
1641.675552
1622.832487
1234.66536
1174.367554
1552.736287
1531.632055
1336.417908
1592.683584
1306.269005
1433.64812
1378.626372
1310.79134
1072.615006
1922.06035
1670.31701
1314.559953
1613.787816
655.80642
695.753717
921.116768
1401.238049
1493.192204
1222.605799
1392.947101
1394.454546
1400.484327
1861.008822
1566.303294
1519.572494
1664.287229
1916.784292
1102.763909
1448.722572
1540.676726
1116.330915
1165.322883
1380.88754
1544.445339
1541.430449
1451.737462
1242.956308
1716.294087
1496.207094
1203.009012
1265.567986
1683.884016
814.841884
1307.022727
1310.79134
1343.955134
1359.783308