3220.724351
3326.245512
3631.503156
3647.33133
3020.234146
3783.755116
3543.317614
3059.42772
3248.612086
3544.825059
3256.149312
3483.773531
3218.463183
3103.897352
3301.372667
3221.478074
3237.306248
3510.907543
3926.962406
3483.773531
3746.82271
3806.366794
3274.238654
3825.963581
3362.424196
3350.364634
3413.677331
3222.231796
3798.829568
3412.923608
3440.057621
3580.250021
3448.348569
3077.517061
3742.300375
3706.875414
3186.806835
3661.652059
3860.634819
3736.270594
3415.184776
3828.978471
3409.154995
3328.50668
3694.815852
3482.266085
3620.95104
3484.527253
3267.455151
3454.37835
3210.172235
3317.954564
3343.581131
3207.911067
3477.74375
3590.802137
3732.501981
3510.153821
3330.767847
3926.208684
3418.199666
3668.435562
3351.87208
3350.364634
3727.225923
3244.843474
3320.215731
3655.622278
3431.01295
3452.117182
3465.684189
4165.892463
3191.329171
3653.361111
3616.428704
3931.484742
3652.607388
3570.451627
3755.867381
3201.127564
3672.957898
3887.015109
3348.103467
3789.784897
3725.718478
3538.795279
3622.458485
3611.906369
3890.03
3829.732194
4075.445754
3302.126389
3716.673807
3696.323297
3989.52138
3827.471026
3358.655583
3587.033524
3960.126199
3587.787246
3851.590148
3645.823885
3916.41029
3884.753942
3874.955548
3380.513538
3476.236305
3397.095434
3636.025491
3957.865032
3844.052923
3623.212207
3782.247671
3597.58564
3942.79058
4115.39305
3783.755116
4183.228082
3861.388542
3908.119342
3860.634819
3755.867381
3828.224748
4201.317424
3503.370318
3775.464168
3811.642852
3806.366794
3835.008252
4265.383843
4016.655393
4393.516681
4277.443405
4468.888939
3752.852491
4664.856809
3743.054097
4266.137566
4441.754926
3979.722986
3861.388542
4081.475534
4218.653044
4357.337998
4618.879732
3846.31409
3557.638343
4407.83741
4921.876208
4340.002378
3913.3954
4691.990822
4445.523539
4300.055082
4444.016094
4297.793914
4680.684983
4697.26688
4652.043525
4545.768642
5307.028445
4565.365429
4551.0447
5114.829188
4817.10877
4666.364254
5337.177348
5095.986124
5036.44204
5374.863477
5522.593102
5128.396194
5446.467122
5586.659521
6041.907958
5902.469281
5527.86916
5898.700668
5597.96536
5769.814108
5769.814108
6288.375241
6228.831157
5922.066068
6598.908943
6774.526303
6390.881511
6640.363684
6485.096834
6546.902085
6829.548051
6635.087626
6818.995935
8092.787091
7299.87094
7415.190494
7382.780423
7059.433437
7351.124075
7856.871924
7253.893862
7313.437946
7742.306093
7743.059815
8085.249865
7421.973997
7976.713814
7418.959107
7898.326666
7841.797473
8059.623298
8426.686193
8612.101947
8303.829413
8661.847637
8451.559038
8550.296695
8499.04356
8687.474205
8759.077849
8961.0755
8751.540624
9558.023781
9230.15446
10235.62038
9934.88507
15569.71506
17412.56676
320.399874
385.973738
4609.081339
15091.85494
11335.30162
11134.05769
8040.780233
8458.342541
11510.91898
10723.27889
9398.234595
9536.165827
11253.89958
11710.65546
11232.04163
10861.96384
10956.93289
11232.79535
11884.76538
11184.5571
11106.92368
11573.47795
11966.16742
12085.25558
12138.01616
11751.35648
12006.11471
12150.07573
12373.93133
12382.976
12789.98619
12823.90371
12752.30006
12804.30692
13220.36179
13423.11316
13399.74776
13490.19447
13989.91254
13892.68232
14271.80478
14664.49424
14170.80596
14387.87806
14208.49208
14988.59495
15247.87552
15295.36004
15850.85358
15621.72192
15639.05754
15877.23387
16183.24524
16418.40668
16688.99309
16955.05716
16692.7617
17038.72036
17005.55657
17089.21977
17683.15317
17379.40297
17787.9206
17977.85869
18490.39005
18894.38535
19369.98429
18762.4839
19628.51114
19344.35773
19822.21784
19621.72763
19556.90749
19963.16396
20303.84657
20615.13399
20355.85342
20814.87047
21252.78329
21265.59658
20879.69062
21432.16927
21809.03055
21910.02938
21942.43945
21708.78545
22494.9181
22689.37852
22769.27312
23007.44945
23628.51686
23315.72199
23424.25804
24649.81095
24602.32643
24821.6597
24832.21181
25360.57134
25082.44771
26069.82428
25966.56429
26072.83917
26656.22045
26535.62484
26739.12993
26907.21007
26674.30979
26885.35211
27390.34624
27645.85819
27587.82155
27980.51102
27827.50533
27608.17206
28034.77904
28222.45596
28156.12838
28545.04923
28254.11231
28884.22439
28762.87505
29096.02043
29613.07412
29461.57588
29452.53121
29622.87251
30253.73831
30338.15524
30690.14368
30247.70853
30785.11273
30843.90309
31158.2054
31064.7438
31298.3978
31156.69796
31498.88801
31597.62567
31334.57649
31412.96363
31371.50889
31507.93268
31409.94874
31457.43327
32078.50067
31598.37939
32104.88096
32257.88664
32109.4033
31719.72872
32811.87274
32679.21756
32541.28633
33201.54731
33122.40644
32821.67113
32981.46032
33355.30672
32958.84864
33198.53242
33629.66173
33255.06161
34038.17937
34341.17585
34092.4474
33864.06946
34113.55163
34320.82534
34488.90547
35048.92135
35574.26598
34811.49874
35754.40568
35134.84572
34935.10924
35892.33691
35413.72307
35896.85925
35624.01167
36040.06654
35945.09749
35744.60729
36240.55674
36090.56595
36070.96916
36083.02872
36300.85455
36750.0732
36547.32183
36419.94272
35974.49267
36070.96916
36624.95526
36820.92313
36797.55773
37109.59887
36704.84985
36831.47524
36744.04342
37149.54617
37700.51737
37073.42019
37533.94468
37559.57125
37937.93999
37799.25503
37172.91157
37278.43273
37138.99405
37542.23563
38075.1175
38275.6077
37883.67196
38604.23074
38087.17706
38521.32126
38145.96742
37617.60789
37818.85182
38145.21369
38968.27875
38452.73251
38692.41629
38468.56068
38980.33831
38592.17118
38430.87455
39273.53639
38656.2376
38969.78619
39024.05422
39189.87319
39646.62907
39179.32107
38915.51817
38660.00622
39165.75406
39031.59145
39213.99231
38805.47467
39343.63259
39363.9831
39379.05755
38855.97409
38802.45978
38808.48956
38985.61437
39594.62221
39685.06892
39428.04952
39370.01288
39443.12397
39656.42746
39565.98075
39201.93275
39564.47331
39028.57656
39006.7186
39685.82264
39478.54893
39174.79874
39781.54541
39568.24192
39463.47448
39523.77229
39072.29246
39896.11124
39266.75289
40086.04933
39718.98644
39596.12966
39825.26132
39569.74937
39621.75622
40018.2143
39266.75289
39710.69549
40052.88554
39375.28894
39305.19274
39356.44588
39904.40219
40165.94392
39807.9257
40005.40102
39746.87417
40123.73546
39764.96351
39696.37476
39530.55579
39627.786
40074.74349
40256.39063
40242.0699
40642.29659
39960.93138
40010.67707
40645.31148
40428.9931
39984.29678
40644.55776
39624.01739
39500.40689
40540.54405
40720.68374
39804.91081
40358.14318
40342.31501
40098.10889
40367.18785
40560.14083
40510.39514
40628.72959
40219.45823
40053.63926
40063.43765
40435.02288
40020.47547
40199.86144
39790.59008
40609.1328
40795.30228
39911.93942
39842.59694
39991.83401
40163.68276
39601.40571
40016.70685
39572.76426
38925.31656
38965.26386
39710.69549
39834.30599
39521.51112
40064.19138
39889.32774
40210.41356
40424.47077
40921.92767
40793.04111
40909.11439
40484.01485
40791.53366
40669.43061
40052.88554
41111.11204
40297.84538
40174.23487
40574.46156
40260.15925
40340.05384
40170.46626
39640.59929
40128.2578
39865.96234
39890.08146
39994.8489
39824.5076
40897.05482
40039.31853
40022.73663
40579.73762
39956.40905
40294.83049
40563.90945
40361.91179
40492.3058
40878.96548
40637.77426
40526.97704
40300.86027
40410.15004
40512.65631
40390.55325
40128.2578
41097.54503
41139.75349
40370.95647
41318.38575
40869.92081
41222.66298
40952.07657
40676.96783
40388.29208
40222.47312
40919.6665
40501.35047
40187.04816
40156.89925
40428.23938
40636.26681
40493.81325
39876.51445
30935.10352
34231.88607
42127.13007
40820.17512
41203.81991
38539.4106
38660.75994
40312.1661
42393.94786
41260.34911
40309.90494
41663.59069
41397.52662
42630.61675
42552.98333
43008.23176
42969.03819
41894.98352
41931.1622
42173.10715
42104.51839
41476.66749
41442.74997
41203.06619
41034.98606
40781.73527
41305.57246
40407.88887
40741.03425
41392.25056
41220.40181
41605.55405
40939.26329
40997.29993
41700.52309
41605.55405
40923.43511
41505.30894
40739.52681
40404.87398
40495.32069
40686.0125
40243.57735
40462.1569
40545.06638
39915.70803
40348.34479
40239.05501
40021.22919
40321.9645
40699.57951
40433.51544
40049.11693
40412.41121
40428.9931
39955.65533
40211.921
39965.45372
39974.49839
39832.79855
39777.7768
39629.29345
39875.76073
39295.39435
39114.50093
39021.03933
39107.71743
39173.29129
39862.19373
38681.11045
39962.43883
39756.67257
39502.66806
39728.78483
39364.73682
40041.5797
39832.04482
39280.3199
39496.63828
39345.14004
39300.67041
39514.72762
38794.16883
39238.11143
39474.78032
39752.90395
40314.42727
39372.27405
39491.36222
39434.83302
39664.71841
39225.29815
39231.32793
39160.47801
39005.21116
39223.03698
39419.00485
39426.54208
39302.93157
39608.18922
39839.58205
39847.873
39472.51915
39118.26954
39113.74721
39457.4447
38485.14258
38722.56519
38277.86887
38530.36593
38886.87671
38309.52522
38622.32009
38173.85515
38526.59732
38152.75092
38606.49191
38467.05324
38128.6318
38521.32126
39099.42648
39045.15845
38978.07714
38820.54912
38686.38651
39382.82617
38555.23878
38458.00856
38718.79658
38132.40041
38590.66374
38992.39787
38098.4829
37744.23328
38344.95018
38244.70508
38665.28227
38439.91922
38695.43118
38315.555
38884.61554
38975.81598
38900.44372
39100.93392
38385.6512
38972.80108
39733.30717
38855.97409
38612.52169
39035.36006
38099.99034
38917.02561
38537.90316
38688.64767
38280.88376
37919.09692
37429.17725
38360.02463
37479.67666
37646.24935
37454.80381
38045.72231
38802.45978
38964.51014
39005.21116
37484.19899
37728.40511
38879.33949
37931.15648
38030.64786
37422.39374
37356.81988
37992.96173
38112.80362
37398.27462
37939.44743
36865.39276
37252.05244
36770.42371
36341.55557
36994.27932
36345.32418
36714.64824
36591.79146
36820.92313
37353.05127
36865.39276
36875.19115
37270.89551
37426.91608
37677.15197
39000.68882
38731.60986
37679.41314
37397.5209
37246.02266
37483.44527
36935.48896
37647.75679
36083.02872
36584.25424
36744.79715
37172.91157
36929.45918
36692.03657
36556.3665
36300.10083
36477.22563
36444.81556
36781.72955
36589.5303
35574.26598
36485.51658
36284.27265
36370.95075
35722.74933
35125.80105
34836.37158
34938.87785
34876.31888
34759.49188
35362.46994
35562.96014
35788.3232
35034.60062
35021.03361
35405.43213
35388.09651
35394.88001
35426.53636
35510.95329
35542.60964
35546.37825
35505.67723
35658.68291
34803.96151
34947.92252
34886.87099
34359.26519
34695.42546
35112.98777
34759.49188
34816.77479
34763.26049
33959.79222
34570.30751
34226.61002
34486.6443
34895.16194
34690.1494
34796.42428
34491.92036
34417.30183
33979.38901
34206.25951
34299.72111
35082.83886
34508.50226
34572.56868
34842.40136
34539.40488
34219.82651
33741.9664
34172.34199
33692.97443
33949.24011
34084.15645
34241.68447
34506.99481
33374.9035
33190.99519
33419.37313
32952.06514
33319.12803
33688.4521
33442.73853
33394.50029
33264.86001
32891.01361
32358.13175
32436.51889
32280.49832
32828.45463
33050.04907
32889.50616
33309.32964
33202.30103
32896.28967
32978.44543
32481.74225
33336.46365
33278.42701
34101.49207
33483.43955
34403.73482
34369.8173
33149.54045
33335.70993
33100.54848
32220.95424
32854.83492
32640.02399
32568.42035
33267.12117
32186.283
32621.18093
31937.55455
31828.26477
32655.85216
31819.2201
32053.62782
32827.70091
31945.09177
32471.94386
32049.85921
31383.56845
31279.55474
31379.79984
31726.51223
32286.5281
31510.19385
31531.29808
31757.41485
31906.65192
31729.52712
32156.88782
32051.36666
32253.36431
32894.0285
32655.85216
32545.05495
32656.60589
32216.4319
31932.27849
31782.2877
31734.04945
31602.148
31394.12057
31318.74831
31855.39879
31801.88448
31374.52378
31480.04494
31609.68523
31272.77123
31535.82041
32435.01145
31402.41152
32310.64722
32095.83629
31997.09863
31550.89487
31320.25576
30919.27535
30941.1333
30352.47597
30888.37272
30877.06688
30789.63506
30282.37977
29763.81863
29641.71558
29984.65935
30287.65583
30110.53102
30191.17934
30218.31335
31350.40466
30370.56531
30320.81962
30659.99478
30693.9123
30459.50457
31128.81022
31154.43679
30920.02907
31269.00262
30632.86077
30277.10371
29957.52534
29066.62525
29731.40856
29686.18521
29756.28141
29974.86096
29111.09488
29566.34332
30053.2481
29347.76377
29062.85664
29459.31471
29602.522
29549.0077
29823.36272
29732.16229
29509.0604
29241.48889
28309.88778
28858.59782
29088.48321
28970.14876
28459.12485
28477.96792
28416.91639
27963.1754
28131.25553
27718.96928
27662.44009
27648.11936
27425.01748
27721.23045
27791.32665
27785.29687
27656.41031
26863.49416
27495.11368
26956.20203
26857.46438
27584.80666
27886.29569
28235.26925
27740.07351
27718.96928
27832.02767
27927.75044
27380.54785
27839.56489
27222.2661
28366.41698
27929.25788
28425.20734
27686.55921
27729.5214
25911.54254
28915.88074
29876.1233
26819.02453
27171.01297
26721.04059
27226.78844
26148.21143
27147.64757
26413.52178
25237.71456
25530.15892
26481.35681
26379.60426
26795.65913
26621.54921
25670.35132
25334.19105
25691.45555
25096.76844
25640.95614
25599.5014
25318.36287
26323.82879
25802.25277
25126.91734
25048.53019
24427.46279
24783.97357
25286.70653
25270.87835
24880.45006
24360.38148
24912.86013
24353.59797
23690.32211
23805.64166
23686.55349
23823.731
24111.65303
23918.70005
23853.12618
23519.9808
23810.164
23917.94633
23845.58896
23905.88676
23366.2214
23832.77567
24289.53156
23552.39088
23608.16635
23447.62344
23584.04722
23568.21905
23006.69573
22754.19867
23477.01862
23174.02214
23238.08856
23223.01411
22425.57562
22574.81269
22536.37284
22090.9228
22843.89165
22525.067
22193.42907
21757.77742
21909.27566
21540.70532
23456.66811
21896.46237
22767.01195
23706.904
22228.85403
22159.51155
21434.43043
21864.0523
21686.9275
21766.82209
21071.13615
21209.8211
20749.29661
20652.0664
20716.13282
20219.42964
20027.23038
19757.3977
19156.6808
19431.03582
19853.12047
19531.28093
19717.4504
19266.7243
19051.15964
19420.48371
19460.431
19257.67963
19851.61302
19660.16749
19302.14926
19779.25565
19481.53523
19434.05071
19896.83638
19898.34382
19661.67493
20406.35284
19985.77564
19482.28896
19424.25232
19118.99468
18929.81031
19077.53993
19115.22606
18690.12653
18796.40141
18434.61458
18440.64436
18288.3924
18120.31226
18409.74173
17693.70528
17994.44059
18076.59635
18155.73722
17423.8726
18433.10713
18325.3248
17887.41198
17882.88965
17359.80618
17892.68804
18153.47605
18727.81266
18035.14161
17977.10497
17704.2574
17476.63318
17435.93216
17031.18314
16785.46958
17560.29639
16863.85672
16649.04579
16771.14885
17432.91727
16838.98388
16808.08125
16811.09614
16281.22917
15469.46996
15783.77227
16692.00798
17172.88298
16217.16275
16078.4778
16812.60359
16646.0309
15763.42176
15709.15374
15139.33947
15532.02893
16024.9635
15667.69899
15548.61083
15196.62238
15254.65902
14948.64765
15317.218
14977.28911
14674.29264
15191.34632
14651.68096
15037.58692
15172.50326
14705.19526
14112.76932
14221.30537
14911.71525
14981.81145
14619.27089
14798.65686
14550.68213
14826.5446
14315.52069
14683.33731
13941.67429
14249.1931
14495.66039
14139.14961
13990.66626
14065.28479
13749.47503
14164.02245
13295.73404
13486.42585
13455.52323
13633.40176
13579.88745
13194.73522
13127.65391
13340.20367
13812.78773
13399.74776
13824.84729
13998.20348
13245.23463
13178.15332
13703.49796
13342.46484
12928.67115
13177.3996
13197.75011
12768.12824
12626.42839
14341.14726
13282.16704
12750.0389
13235.43624
12695.77087
13035.69975
12327.20053
13187.19799
12353.58082
12391.26695
12988.21523
12811.84415
12580.45132
11519.20993
11862.1537
12328.70798
12538.99658
11856.87764
11636.03693
11559.91095
11911.14567
11819.19151
11455.89723
11966.92114
11037.5812
11421.22599
11500.36686
11073.00616
11315.70483
11443.83767
11311.1825
11203.40017
11011.95463
10647.90663
10742.87567
10648.66035
10121.80827
11183.04966
10332.09687
11097.12528
10788.09903
10742.87567
10184.36724
10544.64664
10326.82081
9913.780838
9915.288283
10075.83119
10487.36372
10064.52535
10078.09236
10445.15526
10122.56199
10242.40388
10421.78986
10254.46344
10427.06591
10575.54926
10111.25615
9889.661715
9986.891928
9420.846272
9913.027115
9814.289458
9757.760264
10038.14506
9891.922883
9502.248311
9071.118996
9166.088041
8888.718133
8783.196972
8973.888784
8750.033178
9105.036512
8658.079024
8949.015939
8869.875068
8996.500461
8932.434042
8724.406611
8748.525733
8897.762804
8611.348224
8549.542973
8793.749088
9144.230086
8825.405436
8359.604883
8594.012605
8086.003588
8744.003398
8720.637998
8697.272598
9304.019273
9184.177383
8903.038862
8408.596851
8555.572753
8441.006922
8444.775535
8936.202655
8747.018288
8421.410135
8550.296695
8574.415818
8710.839604
8302.321967
8333.978316
7957.87075
7899.080389
8041.533956
7902.095279
8012.892498
7733.261422
8137.256723
8128.965775
7703.112519
8021.937169
7543.323332
7241.834301
7675.978506
7419.712829
7011.948915
7449.10801
7348.109185
7486.794139
7140.081753
7509.405816
7317.206559
7306.654443
7480.764358
6840.100167
7054.911102
6760.959297
7476.995745
6600.416388
7014.210083
6941.852715
6364.501221
6194.159919
6473.037272
6433.089976
6883.816077
6226.56999
7365.444804
7030.79198
6715.735942
6384.098008
6318.524144
6110.496713
6448.164427
6255.211447
6536.349969
6512.984569
6407.463408
6257.472615
6195.667364
6244.659331
5760.769437
5919.804901
5804.485346
6228.077435
6252.196557
6403.694795
6117.280216
5951.461249
6353.195383
5972.565481
5932.618184
6004.975552
6261.241228
6397.665015
6123.309996
6238.629551
6009.497887
5511.287264
5469.078799
5572.338792
5034.180872
5583.644631
5508.272373
5515.055877
5231.656187
5299.491219
5218.089181
5284.416768
5205.275897
5170.604659
5564.047844
4896.249641
5144.224368
5221.857794
5465.310186
5407.273548
4956.547447
5325.87151
5150.254149
5037.195762
5781.873669
5318.334284
5106.53824
5273.110929
5376.370922
5020.613866
4900.018253
4740.229067
4806.556654
4724.400893
5564.047844
5267.834871
4671.640312
4685.207319
4546.522365
4644.5063
4716.109945
4967.099563
4799.019428
5039.45693
4933.182047
4300.808804
4533.709081
4666.364254
5258.036478
4292.517856
4516.373462
4841.981615
4376.934785
4791.482202
4947.502776
4375.42734
4545.768642
4369.397559
4205.83976
4441.001204
4786.959867
4540.492584
4316.636979
4725.908338
4526.171855
4220.160489
4507.328791
4470.396384
4317.390701
4329.450262
4186.242973
4132.72867
4332.465153
4577.42499
4306.838585
4389.748069
4529.186745
4068.662251
4187.750418
4406.329965
4120.669108
3797.322123
4078.460644
4124.437721
3966.15598
3490.557034
4053.587799
4138.004728
4015.147948
3639.794104
3905.104451
3861.388542
4238.249831
4524.66441
3592.309582
4021.931451
4043.789406
3706.121691
4051.326631
4203.578592
4055.848967
3734.763149
3858.373652
3680.495123
3905.104451
3700.845633
3619.443595
4266.891288
4438.740036
3876.462993
3709.136581
3620.95104
3313.432228
3497.340537
3252.380699
3720.44242
3456.639518
4002.334664
3831.239639
3701.599355
3638.286659
4091.273928
3828.224748
3663.913227
3823.702413
4055.095244
3985.752767
4186.996695
3819.9338
3975.200651
3265.947706
3657.129723
3645.823885
3767.926942
3360.163028
3466.437911
3464.176744
3792.046065
3966.909703
3590.802137
3478.497473
3264.440261
3533.519221
3565.175569
3726.472201
3532.011776
3523.720827
3511.661266
3394.080544
3763.404607
3914.149122
3607.384033
3923.193793
3553.86973
3446.841124
3343.581131
3377.498647
3463.423021
3889.276277
3409.154995
3388.804486
3375.237479
3516.937324
3650.34622
3237.306248
3280.268435
2654.678696
3952.588974
3874.955548
3831.993361
3675.219065
3822.94869
3923.947516
3835.008252
3596.831917
4014.394225
4012.88678
3904.350729
3850.836426
3637.532936
3835.761974
3796.5684
3358.655583
3723.45731
4046.050573
3519.198492
3705.367968
3851.590148
3573.466517
3765.665775
3527.48944
3608.891478
3287.805661
3413.677331
3395.587989
3735.516871
3481.512363
3459.654408
3845.560368
3906.611896
3748.330155
3973.693206
3957.865032
3963.14109
3865.910877
3466.437911
3756.621104
3421.214557
3340.566241
3403.125215
3409.154995
3175.500996
3553.86973
3288.559383
3241.074861
3663.913227
3370.715144
3229.769022
3434.781563
3568.944182
3659.390891
3596.831917
3184.545667
3473.221415
3415.938499
3404.63266
3639.040382
3819.180078
3537.287834
3672.204175
3325.491789
3815.411465
3363.177918
3056.412829
3715.920084
3763.404607
3492.818202
3362.424196
3280.268435
3325.491789
3195.097783
3187.560558
3523.720827
2603.42556
3756.621104
3162.687713
3296.850331
3426.490615
3274.238654
3086.561732
3431.01295
3399.356602
3314.185951
3824.456136
3057.920274
3408.401273
3692.554685
3372.976312
3535.026666
3634.518046
3359.409305
3112.1883
3713.658917
3097.113848
3626.227098
3674.465343
3483.019808
2937.324662
3824.456136
3017.219255
3662.405781
3501.862872
3046.614436
3366.946531
2990.838965
3183.791945
3525.228272
3351.87208
2648.648915
3227.507854
2854.415179
3156.657932
3770.18811
2783.565256
3244.843474
2935.817217
2766.98336
3189.821725
3458.900686
2860.444959
3278.76099
3486.034698
3488.295866
3319.462009
3244.089751
3552.362285
3146.105816
3005.159694
3971.432038
3094.852681
3437.042731
3121.986693
2739.849347
3446.841124
3525.981995
3311.17106
3293.081719
3032.293707
3076.763339
2941.093275
3106.158519
3486.034698
3259.917925
2876.273133
3158.165377
3345.842299
3611.906369
3294.589164
3194.344061
2883.056636
3262.179093
3528.996885
3276.499822
3225.246687
3129.523919
3623.212207
3357.148138
3486.034698
3388.050763
3724.964755
3291.574273
3000.637359
2948.630501
3651.853665
2582.321328
2818.236495
3231.276467
2888.332695
3186.806835
3025.510204
3500.355427
3195.851506
3175.500996
3025.510204
2975.764513
3011.943197
2863.459849
2672.768037
3385.789596
3324.738067
3467.945356
3310.417338
3001.391081
3486.788421
2945.61561
3280.268435
3120.479248
2715.730224
2748.140295
3128.016474
3022.495313
3314.939673
3011.943197
3379.006092
3268.962596
2916.22043
3308.15617
3146.105816
2941.093275
2982.548017
2984.055462
2700.655773
2642.619134
3119.725526
3105.404797
2824.266275
2870.243353
3492.818202
2941.093275
3139.322313
2751.908908
3100.128739
3237.306248
2941.093275
2778.289198
2742.110515
3382.020983
2751.155185
2971.242178
3088.069178
3065.4575
2750.401463
2824.266275
2860.444959
2823.512553
2941.093275
3041.338378
3393.326821
3088.069178
2627.544683
2726.28234
3268.962596
3070.733558
3081.285674
3092.591513
3041.338378
1805.987073
2638.850521
3294.589164
2806.176934
2978.779404
2964.458675
3017.219255
3161.93399
2788.087592
2594.380889
2950.891668
3270.470041
2940.339552
3270.470041
3207.157345
3019.480423
2699.148328
2638.850521
2651.663805
2494.889509
2982.548017
2815.221605
2760.953579
2846.877953
3056.412829
2843.10934
3023.249036
3149.874429
2614.731399
2963.704952
3197.358951
2474.539
2895.116198
3213.187125
2999.129913
2869.48963
3194.344061
3259.164203
3107.665965
3130.277642
2703.670663
2953.152836
2783.565256
2641.865412
2710.454166
2754.170076
3190.575448
2929.787436
2957.675172
2952.399114
3295.342886
3291.574273
2837.079559
3536.534111
3176.254719
3370.715144
3072.241003
2955.414004
3037.569765
2916.22043
3360.916751
3216.955738
2830.296056
3129.523919
3352.625802
3008.174584
3064.703778
3239.567416
3276.499822
3018.7267
2851.400288
3103.143629
3605.876588
3161.93399
2957.675172
2849.892843
3356.394415
2846.877953
3229.015299
2999.883636
3045.106991
3284.037048
3230.522745
3045.106991
2949.384223
3345.088576
2749.64774
3303.633835
3290.066828
2966.719843
3501.10915
3108.419687
2993.853855
3370.715144
3221.478074
3414.431053
3501.862872
3183.791945
3046.614436
2817.482772
3154.396764
3270.470041
3718.181252
3254.641867
3098.621294
3057.166552
2797.885985
3430.259228
3220.724351
3529.750608
3302.126389
3289.313106
3241.828583
3366.192809
3448.348569
3283.283325
3158.165377
3094.852681
2840.09445
3482.266085
3541.056446
3144.598371
3441.565066
3299.111499
2594.380889
3608.137756
2754.923798
3360.163028
3363.177918
3291.574273
3121.232971
2975.010791
3086.561732
3055.659107
3066.964945
3024.756481
3198.112674
3054.905384
3018.7267
3582.511188
3217.709461
3213.187125
2886.825249
2843.863062
2930.541159
3003.652249
3142.337203
3484.527253
3426.490615
2648.648915
3012.69692
2923.003933
3110.680855
2548.403812
3011.189475
3081.285674
3069.979836
3437.042731
3307.402448
3096.360126
3142.337203
3458.900686
2978.779404
3274.238654
3086.561732
3374.483757
2837.079559
3246.350919
2756.431243
2818.990217
2718.745115
3217.709461
2737.588179
2940.339552
3534.272943
3264.440261
2861.952404
3091.084068
3228.261577
3040.584655
2919.23532
3299.865222
2742.864237
2768.490805
3187.560558
3061.688887
2606.440451
3681.248846
2611.716509
3032.293707
2826.527443
2919.989043
2756.431243
3015.71181
2652.417528
2552.926148
2860.444959
2863.459849
3085.80801
3128.016474
3086.561732
2977.271959
3318.708286
2822.75883
2765.475914
2968.98101
2968.98101
2768.490805
2725.528618
3088.069178
3008.174584
2961.443785
4040.020793
2867.228462
3589.294691
2934.309772
3025.510204
3075.255894
2969.734733
2906.422036
3483.773531
3375.991202
3131.785087
3287.051938
3534.272943
3118.971803
3056.412829
2890.593862
2766.229637
3106.912242
3119.725526
2968.227288
3495.833092
3118.971803
3230.522745
3228.261577
3302.126389
3106.158519
2999.129913
3118.218081
3247.858364
2941.093275
3275.746099
3093.345236
2753.416353
3021.741591
3131.031364
2890.593862
3045.106991
3106.158519
3324.738067
3509.400098
3327.752957
2983.301739
3302.126389
3085.80801
2969.734733
3180.777055
2967.473565
3407.64755
3293.835441
3255.39559
3188.31428
3121.232971
3658.637169
3702.353078
3525.981995
2506.195348
3150.628151
2880.041746
3077.517061
3284.037048
3322.476899
3440.811344
3118.971803
3342.073686
3151.381874
2883.056636
2874.765688
3382.020983
3118.971803
3134.046255
3347.349744
2880.795469
3145.352093
3270.470041
3268.962596
3135.5537
3229.769022
2864.967295
3313.432228
3035.308597
3023.249036
2794.117372
3578.742575
3363.931641
3106.158519
3629.241988
3294.589164
3752.098768
3385.035873
2939.58583
3048.121881
3201.127564
3085.054287
3296.096609
2984.055462
2789.595037
3125.755306
2977.271959
3078.270784
2958.428894
3210.925958
3122.740416
3192.836616
3163.441435
2702.91694
3277.253544
3805.613071
3354.88697
3051.136771
2875.519411
3198.112674
3111.434577
3490.557034
3000.637359
3115.20319
2951.645391
3178.515887
3048.121881
2978.025681
3307.402448
3218.463183
3155.150487
3286.298215
3290.066828
3169.471216
3175.500996
3837.269419
3501.10915
2926.772546
3207.157345
3599.093085
2925.265101
2965.212397
2831.049779
3262.179093
3386.543318
3260.671648
3163.441435
2763.214747
3498.09426
3021.741591
3118.971803
2503.180458
3068.472391
3330.767847
2963.704952
3524.47455
3168.717493
3158.165377
2827.281166
3145.352093
2578.552715
3216.202016
3379.759815
2843.10934
3415.938499
3329.260402
3250.873254
3027.771371
3114.449468
3049.629326
3319.462009
3102.389906
3120.479248
3610.398924
3415.938499
2923.757656
3480.75864
2872.50452
2671.260592
2927.526269
3217.709461
3045.860713
2929.787436
3082.039397
3172.486106
3271.977486
2423.285864
2746.63285
3100.882461
2762.461024
3030.032539
3177.008442
3334.53646
3108.419687
3251.626977
3556.884621
3150.628151
3133.292532
3101.636184
2979.533126
2959.936339
3020.234146
3179.269609
3440.811344
3381.26726
2738.341902
3091.084068
3077.517061
2556.69476
2788.087592
3030.032539
2722.513728
3247.858364
2635.835631
2758.692411
3443.826234
3300.618944
2885.317804
3235.04508
3428.751782
3209.418512
2852.154011
3231.276467
3250.119532
3062.44261
3160.426545
3727.225923
3342.073686
2932.802327
3466.437911
2905.668314
2992.34641
3516.183601
2640.357967
3514.676156
3508.646376
3121.986693
3237.306248
3320.215731
2695.379715
3458.146963
3063.196332
3128.770197
3320.969454
3147.613261
2923.757656
3051.136771
3188.31428
2956.167726
3458.900686
3382.774705
3180.777055
3286.298215
3235.04508
3548.593672
3391.819376
3173.239829
3486.788421
3340.566241
3607.384033
3059.42772
3662.405781
3285.544493
3132.53881
2908.683204
3039.830933
2948.630501
3223.739241
3629.241988
2835.572114
3053.397939
3328.50668
2983.301739
3297.604054
3390.311931
3366.192809
2753.416353
3358.655583
3215.448293
3214.694571
3658.637169
2920.742765
3449.856015
3470.960247
3511.661266
3063.950055
3057.166552
3238.813693
3048.875603
2634.328186
3189.821725
3187.560558
3588.540969
3252.380699
3126.509029
2995.361301
2968.98101
3311.924783
2843.10934
3125.755306
3577.23513
3372.222589
2913.959262
3137.061145
3413.677331
2973.503346
3452.117182
3204.896177
2854.415179
3008.174584
2916.22043
3017.219255
2902.653423
3109.927132
3118.218081
2613.977676
2936.570939
2926.772546
2921.496488
2692.364824
3349.610912
3184.545667
2938.078385
2934.309772
2989.33152
3114.449468
3299.865222
2951.645391
2936.570939
3186.053113
2689.349934
3251.626977
2908.683204
2460.218271
3217.709461
2730.804676
2876.273133
3165.702603
2624.529792
2356.204555
2900.392256
3272.731209
3117.464358
2809.945546
3203.388732
2750.401463
3033.047429
2721.760005
2978.779404
3045.106991
3069.226113
3104.651074
3044.353268
2941.093275
3189.821725
2938.832107
2709.700444
3014.204365
2899.638533
3264.440261
2733.065844
2910.944372
2877.780578
2670.50687
2932.048604
3265.947706
2837.079559
2439.867761
3042.0921
3113.695745
3104.651074
2947.123056
2651.663805
3074.502171
2993.853855
2482.829948
3064.703778
3367.700254
3118.971803
3636.779214
3585.526079
3116.710635
3313.432228
3125.755306
2822.005108
3478.497473
3069.226113
3130.277642
3180.023332
2785.072701
3036.06232
3183.038222
2831.803501
2953.152836
2923.003933
3079.778229
2598.149502
3103.897352
2945.61561
3201.881287
2795.624818
2785.826424
3027.771371
2903.407146
2979.533126
3293.835441
2678.044095
3084.300565
3290.066828
3238.813693
3027.771371
2825.773721
2993.100133
2796.37854
3065.4575
2986.31663
2892.101307
3151.381874
3183.791945
2632.067018
3082.039397
3125.755306
3073.748449
3171.732384
3048.875603
3268.208873
3066.964945
2415.748639
2003.462389
3031.539984
2531.821915
2436.852871
3103.143629
3265.193983
2534.836806
3179.269609
2707.439276
3109.927132
2807.684379
2749.64774
2911.698094
2891.347585
2929.787436
2944.861888
2888.332695
2895.116198
3177.008442
3319.462009
2581.567606
3177.762164
2474.539
2942.60072
2705.178108
3278.007267
2868.735908
2859.691237
3083.546842
2721.006282
2999.883636
2395.398129
2755.677521
3001.391081
2871.750798
3103.143629
2627.544683
2742.864237
2838.587004
2849.892843
3067.718668
2728.543508
2794.117372
2769.244527
2940.339552
2580.06016
2664.477089
2809.191824
2669.753147
2518.254909
2812.960437
2135.36384
2396.151852
3187.560558
2917.727875
2782.811534
2847.631675
2583.828773
2992.34641
2457.20338
2763.968469
2999.129913
2762.461024
2683.320153
3030.786262
2852.907733
2929.787436
2735.327011
2771.505695
2986.31663
2910.190649
2966.719843
3345.088576
3170.978661
2837.079559
2612.470231
2848.385398
2590.612276
2995.361301
2592.873444
2453.434767
2948.630501
3078.270784
2664.477089
2933.556049
2670.50687
2765.475914
2685.581321
2997.622468
2662.969644
2543.881477
2919.23532
3137.814868
2738.341902
2742.110515
2803.162043
3115.20319
3109.17341
3012.69692
3151.381874
2900.392256
2792.609927
3393.326821
3170.224938
2855.168901
2681.812708
2673.52176
2793.36365
2280.078575
2735.327011
2477.55389
2540.866586
2840.848172
2739.849347
2475.292722
2572.522935
3183.038222
2840.09445
3034.554875
2416.502361
2395.398129
2874.765688
2593.627167
2990.838965
2843.10934
3326.999235
2512.225128
2807.684379
2935.063494
2472.277832
2470.770387
2644.880302
2782.811534
3208.66479
3232.03019
3431.766673
3282.529602
2706.685553
2649.402638
2607.947896
2578.552715
2662.969644
3030.032539
2566.493154
3094.098958
2751.155185
2827.281166
2931.294881
2743.61796
2544.635199
2898.884811
2105.214937
3281.022157
2785.072701
3012.69692
2924.511378
2328.31682
2837.079559
2875.519411
3250.119532
2656.939863
2664.477089
2712.715334
2766.98336
2624.529792
2724.774895
2815.975327
2672.014315
2581.567606
2722.513728
3250.873254
3088.8229
2699.148328
2980.286849
2840.09445
2852.907733
3403.125215
2846.12423
2564.231986
2575.537825
2978.025681
3152.135597
2540.112864
2696.88716
2852.907733
2570.261767
2458.710825
2593.627167
2618.500012
2695.379715
2677.290373
3121.232971
3022.495313
2481.322503
2731.558398
2826.527443
2730.804676
2823.512553
2883.056636
3295.342886
2976.518236
2944.861888
3033.047429
2925.265101
2947.876778
2814.467882
2751.908908
2906.422036
2806.176934
2650.15636
2825.773721
2767.737082
3080.531952
2990.085242
2037.379905
2568.000599
2308.720033
2858.183791
2432.330535
2304.95142
3008.928307
2782.811534
2725.528618
2784.318979
3048.121881
3042.0921
3027.017649
2620.007457
3142.337203
2938.832107
3022.495313
2920.742765
2754.923798
2626.037238
3337.551351
2913.20554
2709.700444
2971.995901
2916.22043
2725.528618
3168.717493
2934.309772
2803.915766
2754.170076
3218.463183
2641.111689
2452.681045
2950.891668
2581.567606
3248.612086
2763.214747
3011.943197
2850.646566
2475.292722
2481.322503
2197.922814
2612.470231
2956.921449
2797.132263
2840.848172
2965.96612
2727.789786
2673.52176
2711.207889
2789.595037
2847.631675
3125.755306
2901.145978
2864.967295
2854.415179
2637.343076
2711.961611
3084.300565
2761.707302
3021.741591
2513.732574
2445.897542
2514.486296
2751.908908
2828.788611
3296.850331
2467.001774
2465.494329
2782.811534
3008.174584
2632.820741
2792.609927
2958.428894
2508.456516
3132.53881
2657.693586
2978.025681
2981.794294
2902.653423
2600.41067
2963.704952
2965.212397
2908.683204
3183.038222
2289.123246
2595.134612
2644.880302
2740.603069
2595.888335
3065.4575
2470.770387
2127.072891
2607.194173
3099.375016
2684.073876
2867.228462
3085.054287
2560.463373
2863.459849
2830.296056
2688.596212
2888.332695
2549.911257
2797.132263
2779.042921
2826.527443
2736.080734
2825.773721
2991.592688
2742.864237
2646.387747
2571.015489
2855.922624
2818.990217
3001.391081
2750.401463
3022.495313
2889.086417
2485.844838
3011.943197
3109.17341
2725.528618
2929.787436
2943.354443
3123.494139
3348.857189
2948.630501
3109.17341
2897.377365
2826.527443
2883.810359
3226.000409
3398.602879
2460.971993
3228.261577
2822.005108
3285.544493
3066.211223
3025.510204
2689.349934
2984.809184
3212.433403
2655.432418
2932.048604
2845.370508
2980.286849
2848.385398
2660.708476
2715.730224
3122.740416
2701.409495
2744.371682
3488.295866
3116.710635
2843.10934
3142.337203
3556.130898
3087.315455
2687.088766
2948.630501
3116.710635
3357.90186
2817.482772
3060.935165
3034.554875
3583.264911
2801.654598
3344.334854
3063.950055
3155.904209
2918.481598
2349.421052
2711.961611
2900.392256
2962.197507
2874.011966
3148.366984
3273.484932
2910.190649
2806.930656
3219.216906
2892.85503
2968.227288
2757.938689
3349.610912
2586.843664
2984.809184
3008.174584
2946.369333
2867.982185
3160.426545