3200.373842
3016.465533
3327.752957
3118.218081
3051.890494
3138.56859
2809.191824
2806.930656
2690.103657
3131.785087
2862.706127
3057.166552
2929.787436
3091.084068
3184.545667
3030.786262
3015.71181
2903.407146
2831.803501
3391.819376
2758.692411
3285.544493
2827.281166
3064.703778
2978.025681
2839.340727
2768.490805
2651.663805
2763.214747
2794.117372
2538.605419
2804.669488
2972.749623
3452.870905
2623.022347
2771.505695
3426.490615
2888.332695
2629.80585
2983.301739
3007.420862
3172.486106
2518.254909
3150.628151
2261.989233
2821.251385
2751.155185
2916.974152
3149.874429
2460.971993
2996.868746
3018.7267
3173.239829
2848.385398
3160.426545
2519.008632
3134.046255
2782.057811
2571.769212
2767.737082
2500.165567
2785.072701
3452.870905
3222.985519
2848.385398
3156.657932
3126.509029
3056.412829
2881.549191
2747.386573
2809.945546
2638.850521
2760.199856
2826.527443
2944.861888
2760.199856
3246.350919
2842.355617
3769.434387
3245.597196
2799.39343
2938.832107
2650.15636
3117.464358
2395.398129
2708.192999
3173.993551
3354.133247
3045.106991
2800.147153
2435.345426
2890.593862
3028.525094
2968.98101
3611.152646
2897.377365
3197.358951
3213.940848
2388.614626
3241.828583
2771.505695
2733.065844
3268.208873
3061.688887
3166.456326
3345.088576
2846.12423
2843.10934
2601.918115
2782.811534
3037.569765
2998.376191
2656.939863
2664.477089
2662.215921
2814.467882
2717.237669
2824.266275
2796.37854
3002.898526
2904.914591
2598.903225
2756.431243
2837.833282
2953.906559
3108.419687
2739.849347
2561.970819
3118.971803
3263.686538
2829.542333
3049.629326
2955.414004
3391.065654
3008.928307
3118.971803
2870.997075
3348.857189
2999.883636
2685.581321
2901.145978
2914.712985
3330.014125
3101.636184
2750.401463
2908.683204
3434.781563
2851.400288
2826.527443
2817.482772
3041.338378
2831.803501
3474.72886
3210.925958
3195.851506
2878.534301
3130.277642
3175.500996
2939.58583
3531.258053
3871.186935
3690.293517
2773.766863
2674.275483
3045.106991
2971.242178
3351.118357
3264.440261
3103.897352
3323.230622
2683.320153
2933.556049
2752.662631
3255.39559
3752.852491
3271.223764
2963.704952
2880.041746
2968.98101
3117.464358
3043.599545
3171.732384
3144.598371
2808.438101
3333.782738
3351.87208
3123.494139
3417.445944
3083.546842
3151.381874
3196.605229
2858.937514
2956.167726
2942.60072
3030.032539
2688.596212
2708.946721
2907.175759
3097.113848
3261.42537
3528.996885
3236.552525
3360.916751
3196.605229
3100.882461
2656.186141
2812.206714
2787.333869
3040.584655
3416.692221
2826.527443
2575.537825
3030.786262
3129.523919
2909.436927
3097.113848
2686.335044
2732.312121
3116.710635
2868.735908
3072.241003
3002.144804
3017.972978
3383.528428
3196.605229
2812.206714
3027.017649
3226.000409
2795.624818
3124.247861
2597.39578
2944.108165
2968.98101
3050.383049
3024.756481
2927.526269
3117.464358
3085.80801
2745.879127
2926.018823
3272.731209
3299.865222
2973.503346
3042.845823
3089.576623
3057.166552
2944.861888
3205.6499
2772.259418
3177.762164
2727.036063
3033.047429
2883.056636
2769.244527
3198.112674
2934.309772
2736.080734
3053.397939
3273.484932
3207.157345
3190.575448
3032.293707
3525.228272
2724.021173
3180.023332
3136.307422
2619.253734
3264.440261
3413.677331
2727.789786
3259.164203
3198.112674
3284.037048
3320.215731
3048.875603
3069.226113
3041.338378
2984.055462
2990.085242
2806.930656
3030.786262
3078.270784
2854.415179
2971.242178
2951.645391
3369.207699
3252.380699
2915.466707
3305.895002
2907.175759
3072.241003
3110.680855
2888.332695
2987.824075
2992.34641
3284.037048
3128.770197
2945.61561
3112.1883
3100.128739
2801.654598
3376.744925
3077.517061
3400.864047
2857.430069
2504.687903
3297.604054
3100.882461
3365.439086
2930.541159
3164.94888
3309.663615
3136.307422
3083.546842
2997.622468
3380.513538
3296.096609
2883.810359
3170.224938
3150.628151
2947.123056
3660.144614
3341.319963
3209.418512
3380.513538
3132.53881
3108.419687
3308.909893
3395.587989
3195.097783
3467.945356
3372.976312
3342.827409
3507.892653
3483.019808
3375.991202
3776.217891
3372.976312
3375.237479
3685.017459
3282.529602
3115.956913
3394.834266
3575.727685
3626.227098
3437.042731
3504.12404
3593.817027
3302.880112
3430.259228
3510.153821
3984.245322
3562.160679
3173.993551
3904.350729
3458.146963
3668.435562
3483.019808
3697.830743
3498.09426
3296.096609
3859.127374
3712.905194
3756.621104
3960.126199
3511.661266
3539.549001
3402.371492
3485.280976
3773.203
3569.697904
3865.157155
3507.138931
3540.302724
4020.424006
4179.459469
3567.436737
3991.028825
3909.626787
3734.763149
4006.856999
3737.778039
4061.878747
3868.172045
3639.794104
4248.801947
4257.092895
4122.176554
3866.6646
3854.605039
3596.078195
3831.993361
4270.659901
4407.083688
4306.084862
4434.217701
3902.089561
4581.947326
4714.602499
4148.556844
4154.586624
3730.994536
4255.58545
4465.120326
4444.769817
4815.601325
4951.271389
4551.0447
5362.803916
4496.776675
4755.303519
4505.821345
4289.502966
4746.258848
4985.188905
4887.20497
5224.118962
4985.188905
4724.400893
4756.810964
5074.881891
4982.174014
4406.329965
4601.544113
4533.709081
4562.350539
4416.128359
4866.100737
4447.030984
4799.019428
4594.76061
4923.383653
4841.981615
5020.613866
5107.291962
4982.174014
5292.707716
5175.880717
6045.676571
5221.104071
5857.999649
5026.643646
5505.257483
5424.609167
5453.250625
5854.984759
5748.709875
6173.809409
6122.556274
5908.499062
5175.126994
5472.09369
5533.145218
5984.625042
5724.590753
5618.31587
5666.554115
5732.127979
5772.828998
5772.075275
5983.117597
6152.705177
6314.755531
6282.34546
6527.305298
7014.210083
6733.071561
7105.410515
7467.197352
7565.181287
7391.825094
7286.303933
7631.508874
7947.318634
7803.357621
7773.962441
7865.916595
7891.543163
7920.184621
5023.628756
3097.867571
4678.423816
4060.371302
4710.833887
2742.864237
4223.929102
4328.69654
5820.31352
6388.620344
4964.838395
4682.946151
6629.057846
7698.590183
7908.878782
7449.10801
7717.433247
8174.189129
8741.74223
9072.626442
9371.854305
9638.672097
9662.79122
10380.33511
10099.19659
10069.04769
9763.790045
9477.375466
9453.256343
9221.109789
9372.608027
8054.34724
8386.738896
8586.475379
8122.182272
8169.666794
8529.192463
8283.478903
8105.600375
8452.31276
8762.09274
8636.221069
8892.486746
8757.570404
9618.321588
9805.998509
9345.474015
9872.326096
9750.976761
9544.456775
9994.429154
9897.198941
9900.213831
10038.89879
9941.668573
9703.492239
9671.082168
9780.371942
9867.050038
10184.36724
9879.109599
9685.402897
10378.82767
9889.661715
9857.251645
10029.10039
10349.43249
10785.83786
10802.41976
10729.30867
10951.65683
11103.15507
11479.26263
11265.95914
11490.56847
11140.08747
11163.45287
11356.40585
11177.01988
11247.11608
11544.08277
12022.69661
11767.18466
11915.668
11944.30946
12079.2258
11696.33473
11998.57749
11829.74363
12021.94289
12174.94857
12143.29222
12431.96797
12315.14097
12600.80183
12668.63686
13024.39391
13132.17624
13048.51304
13220.36179
13326.63667
13512.80615
13392.21053
13387.6882
13478.88863
13590.43957
13873.83926
14286.87923
13827.86218
14140.65705
14157.99267
14054.73268
14653.94213
14451.19075
14506.96622
14944.12532
14765.49307
15283.30048
15140.84691
15456.65667
15641.3187
15558.40922
16150.83517
15695.58673
15770.95899
15777.74249
15865.92803
16330.22114
16261.63238
16196.05852
16477.19704
16826.92432
16740.99994
16796.77541
17198.50955
17141.22663
17094.49583
17355.28384
17220.3675
17711.79462
17429.90238
17958.26191
18468.53209
18035.14161
18461.74859
18503.95705
18544.65807
19147.63613
19138.59146
19241.09773
18853.68433
19362.44707
19833.52368
19633.7872
20242.04132
20232.24292
20358.86831
21145.75469
20636.23822
21057.56914
20684.47647
21215.09716
21684.66633
21659.03976
22035.90105
22098.46002
22005.75215
22298.19651
22507.73138
22669.78174
22553.70846
23212.46199
22678.82641
22750.43005
23200.40243
23478.52606
23330.04271
23529.7792
24474.19359
24241.29331
24940.74786
23966.18457
24147.83171
25264.09485
25117.11895
24708.60131
24872.91283
25374.89207
25011.59778
24776.43634
25345.49689
25197.01354
25399.01119
25335.69849
25357.55645
25389.2128
25401.27236
25483.42812
25575.38227
25919.07977
26308.00062
25975.60896
25995.20575
25441.97338
25740.44752
25940.93772
26231.12091
25972.59407
26020.83232
26712.74964
26583.86308
26319.30646
26427.84251
26448.19302
26601.95242
26825.05431
27053.43225
26849.92715
26655.46673
27082.0737
27029.31312
26721.04059
26955.44831
26808.47241
27105.4391
26750.43577
26871.03138
27856.14679
27723.49162
26904.9489
27290.85486
27297.63836
27550.88915
27698.61877
27552.39659
27663.94753
27529.78492
27381.30157
27609.67951
27420.49514
27243.37034
27705.40228
27644.35075
27660.17892
27851.62446
27632.29119
27582.5455
28506.60938
27753.64052
28109.39758
28520.17638
28029.50298
28181.75495
28215.67246
28567.6609
29037.23007
27800.37132
28802.82235
28851.06059
28557.10879
28682.98046
29264.85429
28952.81314
28829.20264
29110.34116
29575.38799
29356.80844
28895.53023
28971.65621
29207.57137
29981.64446
29415.5988
29952.24928
29318.36859
29059.84175
29382.43501
29954.51045
29288.21969
29891.95147
29514.33646
30148.97087
29723.11762
29580.66405
29630.40974
29763.81863
29304.80159
29798.48987
29855.01907
29790.95265
29896.47381
29892.7052
30222.08196
29166.11663
30344.93874
30058.52416
29650.00653
30041.94227
30106.00868
30432.37056
30827.32119
30996.15505
30439.90779
30396.9456
30161.03043
30158.76927
30322.32706
30574.07041
30269.56648
30057.77044
29990.68913
30428.60195
29684.67776
30494.92953
30225.85057
30033.65132
30255.99948
30565.02573
30664.51711
30264.29043
30811.49302
30513.01888
30712.00164
30744.41171
31317.24087
31302.16642
31507.93268
31158.95913
30996.90877
30861.23871
31024.79651
30542.41406
30289.91699
31014.24439
31169.51124
30507.74282
30594.42092
31002.18483
30664.51711
31021.02789
30471.56414
31252.42073
30950.17797
30533.36939
31086.60176
31053.43796
30829.58236
30950.93169
30916.26046
30494.17581
30887.619
31048.16191
31276.53985
31602.148
31137.10117
30916.26046
30593.66719
31192.87664
31110.72088
31121.273
31734.04945
31668.47559
32004.63586
31981.27046
31666.21442
32118.44797
31829.0185
31489.08961
31737.81806
32340.0424
32112.41819
31409.19502
32018.95659
31749.87763
32158.39526
31974.48695
32236.78241
31809.42171
31386.58334
31814.69777
32201.35745
31701.63938
31387.33707
31785.30259
31607.42406
32049.10549
31629.28201
31612.70012
31647.37136
31581.04377
31847.10784
32112.41819
31893.83864
31899.86842
32704.84413
32169.7011
32401.84766
32070.96344
32018.95659
31853.13762
32322.70678
31847.10784
32187.03672
31767.21325
31610.43895
32021.21775
32316.677
32560.1294
32649.06866
31880.27163
32252.61059
32066.44111
31678.27398
32125.23147
31715.96011
31728.01967
32251.10314
32566.9129
32600.07669
32257.88664
32355.87058
32241.30475
31893.83864
32057.39644
32859.35726
32301.60255
32221.70796
32205.87979
31825.24988
31862.93601
31872.73441
32031.76987
32253.36431
32089.80651
32255.62548
32329.49029
31561.44698
31924.74126
32047.59804
31568.23049
31875.7493
32141.81337
32582.74107
32031.76987
32388.28065
32052.8741
31902.12959
32563.14429
32049.10549
31758.9223
31137.85489
31618.7299
31733.29573
31927.75615
32099.6049
32386.01948
32214.17073
31733.29573
31816.20521
31617.22245
31186.84686
31440.09765
31738.57179
30700.6958
31161.22029
30990.12527
31451.40349
31467.23166
31819.2201
31712.1915
31455.92582
32040.06082
31651.13997
31400.90407
31767.21325
31298.3978
31215.48832
31870.47324
31579.53632
31650.38625
32142.56709
32380.74342
31585.5661
31780.02653
31832.03339
31032.33373
31043.63957
31385.82962
31444.61998
30335.89407
31213.98087
31226.04043
30995.40133
31106.19855
30995.40133
30821.29141
31074.5422
31758.16857
30463.27319
30423.32589
31515.4699
30210.77612
30959.22264
31003.69227
30678.83784
30671.30062
30638.13682
30809.98557
30168.56766
30488.89975
30981.0806
30040.43482
30120.32941
30564.27201
31088.86293
30487.39231
31011.98322
30085.65818
30228.11174
30846.16426
30533.36939
30020.83803
30229.61919
30598.18953
30376.59509
30535.63055
31027.05767
30338.15524
31001.43111
30720.29259
30644.92033
30787.37389
30427.0945
30748.93404
30697.68091
30757.97871
31354.17327
30864.2536
30684.86762
30271.82765
30922.29024
30767.02339
31306.68875
30685.62135
29720.85645
29951.49556
30889.12644
30323.08079
29673.37193
29886.67541
29622.11879
29577.64916
29389.21851
30224.34313
29392.2334
29506.79924
29156.31824
29705.782
30470.05669
29383.18873
29834.66856
29768.34097
29510.56785
29292.74202
30395.43815
29487.20245
29151.7959
30061.53905
29464.59077
29731.40856
29492.47851
29326.65954
28860.85899
29301.78669
29447.25515
29507.55296
29167.62408
29081.6997
28887.23928
29129.93795
29340.98027
29539.96303
28868.39621
29148.78101
29401.27808
29949.98811
30571.05552
29281.43619
28649.81667
29127.67678
29223.39955
29167.62408
28782.47184
28773.42717
29023.66306
28416.91639
28637.00338
28866.13505
29093.00554
28971.65621
28984.46949
29428.41209
29631.91718
29946.2195
29253.54845
29057.58058
28631.72732
28851.06059
28774.18089
29019.89445
29173.65386
28100.35291
27557.67265
28276.72399
28291.79844
28114.67364
27743.08841
27749.11819
28064.92795
28236.77669
28351.34252
28565.39974
28677.7044
28763.62877
29091.4981
29098.2816
28539.01945
29040.99868
29242.24261
29327.41326
29496.24712
28928.69402
28883.47066
28382.99887
28617.40659
28346.82019
28297.82822
28337.0218
28000.1078
27865.94519
28125.22575
28015.18226
28474.19931
28044.57744
28069.45028
28296.32078
28527.71361
28430.4834
28352.84997
28351.34252
28568.41463
28848.0457
28620.42149
28880.45577
28694.2863
28934.7238
28863.87388
28419.17756
28184.76984
28206.62779
28294.05961
28329.48457
28424.45361
28150.85232
27909.66109
28339.28296
27849.36329
27751.37935
28413.9015
28044.57744
28062.66678
27591.59017
27875.74358
27933.02649
27656.41031
27884.03453
27914.18343
27762.68519
27963.92912
27893.0792
27641.33586
27557.67265
28144.82254
28106.38269
27752.8868
27779.26709
28045.33116
28331.74574
27689.5741
27953.377
27949.60839
28657.35389
28208.88896
27807.90855
27746.1033
28642.27944
27954.88445
27282.56391
28495.30354
28214.91874
28313.6564
28640.01827
27976.7424
26989.36583
27804.89366
28000.86153
27403.91325
26677.32468
26736.11504
27011.22378
26620.79549
26778.32351
27399.39091
26920.77707
27169.50552
27281.05647
27048.15619
27579.53061
27968.45146
27471.74828
27467.22594
28508.11682
28202.10545
28599.31725
27982.77218
28379.23026
27736.3049
28070.204
27655.65659
27630.03002
28246.57509
27114.48378
27136.34173
27277.28785
26993.13444
27510.94185
27305.92931
27125.78961
26609.48965
27155.18479
27162.72202
27161.21458
27363.96595
27066.99925
27624.75396
27065.49181
27222.2661
27500.38974
27338.33938
27588.57528
27254.67617
26899.67284
27103.93166
27325.5261
26853.69576
26660.74278
27049.66363
26863.49416
26418.04411
26912.48612
27085.0886
26450.45418
26797.92029
27052.67852
26345.68675
27700.87994
26819.02453
26980.32116
27510.94185
27063.98436
27344.36916
27082.82743
27039.86524
26851.4346
26559.74396
26600.44498
26471.55842
26849.17343
25200.78215
26213.03157
25925.86327
26061.53334
25740.44752
25906.26648
25881.39364
25677.13482
25768.33525
25356.049
26690.89169
26127.86092
25336.45222
26249.96398
26127.86092
26180.6215
26602.70615
26369.80587
26568.03491
25929.63188
26408.99944
25823.357
25757.78314
25916.06488
25997.46692
25910.78882
25465.33878
25404.28725
25381.67557
25558.80038
25883.65481
25720.85073
25649.24709
25634.17263
25771.35014
26418.79784
26397.6936
26524.319
26202.47946
26243.18048
26269.56077
26924.54569
27089.61093
26283.8815
26243.18048
25340.22083
25691.45555
25754.01452
25564.07643
25371.12345
24618.1546
24935.4718
25080.94026
25080.94026
24195.31623
24452.33563
24878.18889
24440.27607
25059.83603
24943.76275
24432.73885
25265.60229
25366.60112
26467.7898
25817.32722
26104.49552
25365.8474
26061.53334
25170.63325
25410.31703
25367.35484
24937.73297
24939.99414
24685.98963
24752.31722
24350.58308
24003.8707
23586.30839
24340.78469
23929.25216
24320.43418
24256.36776
23937.54311
24781.7124
24900.80057
24711.6162
24762.11561
24997.27706
24832.21181
24810.35386
24481.73081
25052.2988
24118.43653
24355.10542
24371.68732
23842.57407
24417.66439
24294.05389
24194.56251
23593.84562
23771.72415
23954.12501
24185.51784
23784.53743
23919.45377
22962.2261
24345.30703
23657.91204
23272.00608
23940.558
23380.54213
23724.23962
23927.74472
23501.89146
23541.08504
23470.98884
24103.36208
23194.37265
23780.01509
23822.97728
23483.80212
23495.10796
23932.26705
23512.44358
23176.28331
23172.5147
23027.79996
23550.12971
23136.33601
23478.52606
23956.38618
23193.61893
23566.7116
23294.61775
23367.72884
23746.8513
23252.40929
23082.06799
22920.01763
22939.61442
22746.66144
23272.7598
22693.90086
22278.59972
22269.55505
22260.51038
22919.26391
22453.46336
22646.41634
22488.88832
22584.61109
23215.47688
22783.59385
23060.21003
22801.68319
22695.4083
22683.34874
21979.37186
22381.10599
22740.63166
22455.72453
22454.9708
21946.20806
21674.86793
21859.52997
22059.26645
21496.23568
21896.46237
21408.05014
22055.49784
21872.34325
22010.27448
22073.58718
21911.53682
21705.77056
21559.54838
21292.73059
21717.83012
22026.85638
21698.98706
21747.97902
21982.38675
21775.86676
21955.25273
22063.03506
21574.62283
21993.69259
21802.24705
22030.62499
21060.58403
20990.48783
21873.09697
21563.31699
20884.21295
21318.35716
21077.91965
21040.98725
21328.90927
20918.13047
20825.42259
21034.20374
20845.7731
20701.05837
20624.93238
20806.57953
20770.40084
20758.34128
20682.96902
20542.77662
20348.3162
20665.6334
20801.30347
20814.11675
20847.28055
20584.23137
20367.15926
20220.18336
20244.30248
20307.61518
20186.26584
20682.96902
20735.7296
20455.3448
20881.95178
20032.50644
20420.67357
20429.71824
19959.39535
19890.05287
19645.84676
19572.73567
19928.49272
19762.67376
20027.23038
19235.06795
19696.34617
19587.0564
20362.63693
20286.51095
20364.14437
20208.87752
20569.15691
19969.19374
19724.98763
21251.27585
20826.93004
20909.83952
21432.16927
20566.89575
20962.6001
20218.67592
19891.56032
19740.06208
19905.12732
19587.0564
19198.88927
19216.97861
19102.41278
18609.47821
18335.87692
18292.91473
18651.68668
18285.3775
17940.92629
17949.97096
18017.05227
18210.75897
18132.37182
17939.41884
18326.07852
18450.44275
18147.44627
18102.22292
18434.61458
18346.42903
18105.23781
18173.07284
18580.83676
19034.57775
18421.80129
18825.79659
17692.19784
18121.81971
17943.94118
18083.37985
17610.04208
18011.02249
18050.96978
17709.53346
17883.64337
18118.05109
18150.46116
17661.29521
18313.26524
17940.92629
17849.72586
17944.6949
17239.96429
17537.68471
17453.26778
17570.8485
16890.99074
16650.55323
16638.49367
16572.16609
16617.38944
15910.39766
16355.84771
16373.93705
17211.32283
15653.37826
15834.27168
16188.52129
17000.28051
16604.57616
15962.40452
16292.53501
16134.25327
16337.75836
16123.70115
16202.84202
16116.16393
15976.72525
15923.21095
15577.25228
15406.91098
15552.37944
15268.22603
14907.94664
15161.95114
15400.8812
15211.69683
15033.06458
15027.78853
15202.65216
15779.24994
15608.15491
15420.47799
15198.12983
15887.78599
15715.18352
15489.06674
15031.55714
14924.52853
15205.66705
15135.57085
15305.15843
14714.23993
15195.11494
14490.38433
14514.50345
14514.50345
14831.82066
14808.45526
14378.83339
14455.71309
14110.50815
13980.86787
14069.05341
13455.52323
13792.43722
14492.6455
14074.32947
13489.44075
13643.20015
13597.22307
13963.53225
14069.05341
13541.4476
13493.96308
14457.22053
14293.66274
15130.2948
15271.99464
15132.55596
14102.2172
13706.51285
13715.55752
13426.12805
13157.80281
12752.30006
12298.55907
12338.50637
12579.69759
12422.16958
11942.04829
11527.50088
11209.42995
10754.18151
11313.44366
10356.21599
10453.4462
10858.94895
11274.25009
10733.831
10636.60079
11085.06572
10789.60647
10684.08531
11731.00597
11494.33708
11645.0816
11519.96365
11460.41957
11351.12979
10961.45522
11155.16192
11027.02909
11294.6006
11127.27419
10329.08198
10244.66505
10127.83805
10157.23323
9588.926407
9712.53691
10027.59295
9658.268884
9481.144078
9804.491064
9009.313745
9065.089216
8971.627616
9169.102931
9423.10744
9204.527893
9404.264376
9775.095884
9304.019273
9481.897801
9613.045529
9233.16935
9372.608027
9219.602344
9496.21853
9256.53475
8988.963235
8923.389371
8765.861353
8457.588818
8747.772011
8682.951869
8288.001239
8397.291012
8528.438741
8604.564721
8337.746929
8562.356257
8254.083723
8389.753786
8189.263581
7917.16973
8578.184431
8467.387212
8587.982824
8443.268089
8378.447948
7909.632505
8086.003588
8343.022987
7923.199511
8505.073341
8332.470871
7718.18697
7345.848017
7776.977331
7538.800997
7523.726545
7657.135441
7313.437946
7623.971648
7669.948725
7635.277487
7324.743785
7938.273963
7431.018668
7169.476934
7490.562752
7062.448328
7173.245547
6959.188335
7329.26612
7575.733403
7284.796488
7270.475759
7455.891513
6860.450677
7175.506714
6977.277677
6418.015524
7150.633869
7081.291392
6480.574498
7020.993586
7328.512398
6607.953614
6587.603104
6280.838015
6274.808234
6555.946756
6473.790995
6321.539034
6247.674222
6557.454201
5716.299805
6423.291582
6270.285899
6465.500047
6384.851731
6091.653648
6317.770421
6068.288248
6468.514937
6385.605453
5656.001998
5617.562147
5666.554115
5469.078799
5848.954978
5987.639933
5941.662855
5904.730449
6276.31568
5520.331935
5436.668728
5582.890908
6437.612311
6276.31568
6009.497887
5983.87132
5425.36289
5657.509444
5340.192239
5534.652664
5671.830173
5307.782168
5826.343301
5189.447723
6108.235545
5512.040986
5233.917355
5097.493569
5040.210653
5324.364064
5135.179698
5309.289613
5081.665395
5496.212812
5211.305678
5573.092515
5277.633265
4876.652854
5016.09153
5302.50611
5037.195762
5184.171665
5650.72594
5070.359556
4782.437531
4985.942627
4930.920879
5510.533541
5177.388162
5025.136201
4555.567036
4699.528048
5419.333109
5659.016889
4627.17068
4759.072131
4616.618564
4517.880907
5059.053717
5008.554305
4486.978281
4316.636979
5043.979266
5060.561162
4980.666569
4292.517856
4394.270404
3701.599355
3724.211033
4306.838585
4061.125025
4016.655393
3429.505505
3756.621104
4034.744735
3152.135597
3281.77588
3373.730034
3955.603864
3516.937324
2995.361301
3087.315455
3036.06232
3282.529602
3208.66479
3438.550176
3202.635009
2745.879127
2998.376191
3354.133247
3295.342886
2979.533126
3191.329171
2702.163218
2839.340727
2932.802327
3459.654408
2493.382064
2797.132263
2420.270974
2277.817407
2378.816232
2556.69476
2621.514902
2442.882651
2522.023522
2139.886175
2242.392446
2275.556239
2519.762354
2378.06251
2605.686728
2241.638723
2482.829948
2490.367174
2635.835631
3121.232971
2616.992567
3012.69692
2471.524109
2281.58602
2551.418702
2277.817407
2781.304089
2669.753147
2509.210238
2562.724541
2817.482772
2822.75883
2580.06016
2912.451817
2534.083083
2581.567606
2739.849347
2864.213572
2039.641072
2435.345426
2624.529792
2393.136961
2225.810549
2258.22062
2525.038412
2300.429084
2555.941038
2726.28234
2535.590528
2163.251575
2307.212587
2362.234336
2895.86992
2248.422226
2653.17125
2586.089941
2564.231986
2597.39578
2546.142644
2470.770387
2661.462199
2653.17125
2565.739431
2647.14147
2078.834646
2764.722192
2550.66498
1812.016854
2326.809374
2142.147343
2078.080924
2815.975327
2717.991392
2604.179283
1955.224144
2311.734923
2506.195348
2592.119722
2531.821915
2536.344251
1988.387937
2333.592878
2776.781753
2563.478264
2466.248051
2014.768227
2577.04527
2519.762354
2154.960627
2326.809374
2086.371872
2530.31447
2032.103847
2512.978851
2298.167916
2342.637549
2330.577987
1690.667519
2403.689077
2593.627167
1730.614816
2255.20573
2020.044285
2255.959452
2488.859729
2442.882651
2464.740606
2344.144994
2558.955928
2317.010981
2307.96631
2003.462389
2494.889509
2474.539
2507.702793
2374.293897
2360.72689
2405.196522
2546.896367
2255.959452
2472.277832
2176.818582
1956.731589
2304.95142
2137.625008
2241.638723
2526.545857
2009.492169
2665.230812
2549.911257
2622.268625
2286.862078
2537.851696
2406.703968
2344.898716
2131.595227
2429.315645
2299.675362
2258.974342
2669.753147
2592.119722
2334.3466
2329.824265
2474.539
2069.036253
2354.69711
2514.486296
2294.399304
2776.781753
2320.779594
2503.93418
2818.990217
2170.788801
2395.398129
2127.826614
2235.608943
2511.471406
2240.885001
2676.53665
2105.214937
2488.859729
2717.991392
2896.623643
2363.741781
2410.47258
2767.737082
2115.767053
2675.029205
2016.275673
2537.851696
2574.03038
2556.69476
2267.265291
2234.101497
2295.153026
2369.771561
2485.091116
2462.479438
2728.543508
2194.907923
2528.807025
2364.495503
2683.320153
2495.643232
2476.046445
2185.863252
2302.690252
2481.322503
2511.471406
2607.947896
2835.572114
2292.138136
2336.607768
3063.950055
2834.064669
2610.962786
2937.324662
2544.635199
2551.418702
2841.601895
2286.862078
2464.740606
2329.824265
2548.403812
2348.667329
2587.597386
2188.12442
2178.326027
2029.088956
2473.785277
2900.392256
2623.022347
2558.202206
3042.845823
2806.930656
2286.108355
2668.245702
2559.709651
2408.211413
2389.368348
2356.204555
2577.798993
2485.091116
2335.100323
2491.874619
2402.181632
1971.80604
2496.396954
2633.574463
2246.914781
2598.903225
2287.6158
2393.890684
2471.524109
2467.001774
2481.322503
2005.723556
2061.499027
2174.557414
1958.992757
1750.965325
2031.350124
2087.125595
2667.491979
2873.258243
2341.130103
2570.261767
2040.394795
2223.549381
2486.598561
2466.248051
2552.172425
2243.146168
2467.755496
2506.195348
2008.738447
2570.261767
2488.106006
2325.301929
2356.204555
2578.552715
2518.254909
2438.360316
1888.142834
2353.189665
2145.915956
2004.216111
2161.74413
2501.673012
2392.383239
2810.699269
2448.912432
2307.96631
2112.752162
2618.500012
2379.569955
2306.458865
2335.854045
2224.303104
2315.503536
2401.42791
2813.714159
2503.93418
2139.132453
2038.133627
2378.06251
2335.854045
2779.042921
2118.02822
2271.787626
2173.803691
2515.993741
2191.893033
2313.242368
2483.58367
2179.833472
2256.713175
2110.490995
2233.347775
2167.020188
2188.878143
2443.636374
2451.927322
2502.426735
2624.529792
2476.800167
2744.371682
2588.351109
2395.398129
2273.295071
2476.800167
2406.703968
2802.408321
2272.541349
2460.971993
2546.896367
1992.910273
2525.792135
2344.898716
2553.67987
2665.984534
2490.367174
1966.529982
2205.460039
2392.383239
2350.174774
2369.017839
2448.912432
2602.671838
2320.025871
2169.281356
2279.324852
2253.698284
2534.083083
2280.832297
2371.279006
2375.047619
2126.319169
2384.09229
3288.559383
2332.085432
2392.383239
2312.488645
2262.742955
2512.225128
2535.590528
2371.279006
2293.645581
2963.704952
2540.866586
2525.792135
2426.300755
2381.0774
2717.991392
2258.22062
1913.015679
2402.935355
2141.39362
2600.41067
2439.867761
2434.591703
2659.201031
2267.265291
2127.826614
2831.803501
2255.20573
2402.935355
2898.131088
2846.877953
3079.778229
2795.624818
2246.161059
2297.414194
2274.048794
1845.93437
2561.217096
2342.637549
2345.652439
2693.118547
2538.605419
2942.60072
2486.598561
2544.635199
2594.380889
2473.785277
2559.709651
2105.968659
2597.39578
2684.073876
2610.209063
2329.824265
2585.336218
2644.880302
2878.534301
2687.088766
2557.448483
2568.000599
2506.195348
2635.081909
2721.760005
2429.315645
2500.165567
2291.384413
2305.705142
2386.353458
2204.706317
2935.063494
2610.962786
2531.821915
2773.01314
2712.715334
2234.85522
2508.456516
2779.796643
2598.903225
2494.135787
2414.241193
2588.351109
2613.977676
2414.994916
2713.469057
2292.138136
2858.183791
2378.816232
2627.544683
2524.28469
2239.377555
2579.306438
2206.967485
2200.183981
2231.84033
2913.959262
2249.175949
2926.018823
3388.050763
2317.010981
2626.79096
2405.950245
2650.15636
2369.017839
2490.367174
2601.164393
2810.699269
2598.903225
2433.83798
2090.894208
2589.104831
2581.567606
2386.353458
2604.933005
2374.293897
2626.037238
2441.375206
2295.153026
2306.458865
2472.277832
2191.13931
2174.557414
2122.550556
2401.42791
2403.689077
2502.426735
2532.575638
2592.119722
2299.675362
2522.023522
2728.543508
2663.723366
2260.481788
2292.891858
2390.122071
2885.317804
2109.737272
2849.139121
2847.631675
2855.922624
2308.720033
2348.667329
2874.011966
2012.50706
2498.658122
2478.307612
2439.114038
2421.778419
2299.675362
2206.213762
2644.880302
2427.054477
2250.683394
2488.106006
2463.986883
2779.042921
2317.764703
2211.48982
2630.559573
2143.654788
2001.954944
2232.594052
2421.024697
2311.734923
2660.708476
2541.620309
2383.338568
2613.223954
2521.269799
2510.717683
2234.85522
2572.522935
2577.798993
2603.42556
2721.760005
2751.155185
2745.125405
2370.525284
2366.002948
2421.778419
2476.800167
2433.084258
2612.470231
2130.087782
2298.167916
2477.55389
2197.169091
2502.426735
2732.312121
2605.686728
2530.31447
3039.07721
2683.320153
2905.668314
2341.130103
2811.452992
2177.572304
2853.661456
2877.026856
2695.379715
2520.516077
2460.971993
2260.481788
2632.820741
2552.172425
2675.782928
2582.321328
2524.28469
2727.789786
2570.261767
2797.132263
2502.426735
2535.590528
2563.478264
2941.846998
2863.459849
2824.266275
2241.638723
2512.225128
2822.005108
2695.379715
3023.249036
2491.874619
2600.41067
3146.105816
2574.03038
2662.969644
2572.522935
2338.868936
2724.774895
2262.742955
2884.564082
3258.41048
2453.434767
2703.670663
2861.952404
2329.070542
2892.101307
2415.748639
2668.999425
2720.25256
2745.125405
2525.038412
2296.660471
2510.717683
2633.574463
2825.773721
2867.228462
2690.103657
2567.246877
2833.310946
2424.039587
2739.095624
2661.462199
2660.708476
2770.751972
2687.842489
2484.337393
3170.224938
3020.987868
3133.292532
2583.828773
2650.910083
2632.820741
2694.625992
2655.432418
2714.976502
2627.544683
2843.10934
2729.297231
2739.095624
2881.549191
2878.534301
2727.789786
2336.607768
2626.037238
2834.818392
3123.494139
2368.264116
2993.853855
2685.581321
3094.098958
2975.764513
2689.349934
3004.405971
3034.554875
2919.23532
2944.108165
2965.212397
2365.249226
2063.006472
2415.748639
2859.691237
2964.458675
2959.936339
2686.335044
3127.262752
3079.778229
2806.930656
2650.15636
3024.756481
2913.20554
2529.560748
2469.262942
2450.419877
2618.500012
2555.941038
3094.098958
2585.336218
2730.804676
2489.613451
2650.910083
2759.446134
2595.888335
2797.132263
2415.748639
2420.270974
2599.656947
2552.172425
2963.704952
2790.348759
2675.029205
2372.032729
2227.317994
2667.491979
3495.079369
2748.140295
2557.448483
2811.452992
2751.155185
2440.621484
2739.095624
2828.788611
2532.575638
2874.011966
2773.766863
2935.817217
2667.491979
2958.428894
2620.76118
2646.387747
2819.74394
2506.94907
3056.412829
2508.456516
2699.90205
2686.335044
2698.394605
2849.139121
2891.347585
2583.828773
2950.891668
3167.210048
3070.733558
2920.742765
3027.017649
2710.454166
2549.911257
2807.684379
2893.608753
2499.411845
2399.166742
2197.169091
2617.746289
2600.41067
2507.702793
3149.120706
2428.561922
2578.552715
2591.365999
2567.246877
2745.125405
2304.95142
2801.654598
2485.091116
2739.849347
3216.955738
2898.131088
3006.667139
3255.39559
2651.663805
2883.810359
2537.097973
2753.416353
2172.296246
2675.029205
3236.552525
2661.462199
2561.970819
2753.416353
2698.394605
3126.509029
2881.549191
2623.022347
3098.621294
2493.382064
2960.690062
2910.190649
2680.305263
3108.419687
2715.730224
2599.656947
2941.093275
2776.028031
2708.192999
2926.018823
2809.191824
3014.204365
2662.969644
2690.857379
2952.399114
2686.335044
2631.313296
2607.947896
2728.543508
2813.714159
2587.597386
3464.176744
3057.920274
2563.478264
2807.684379
3003.652249
2792.609927
3275.746099
2651.663805
2128.580337
2632.067018
3581.757466
3240.321138
2489.613451
2621.514902
2786.580147
3063.950055
2480.56878
2548.403812
2767.737082
2991.592688
2854.415179
2448.158709
2790.348759
2721.760005
2588.351109
3054.151662
3091.084068
2838.587004
2564.985709
2773.01314
2975.764513
2797.885985
2917.727875
2984.809184
2553.67987
3055.659107
2463.233161
2543.127754
2517.501186
2448.912432
2504.687903
2825.773721
2798.639708
3187.560558
2899.638533
2797.132263
3106.912242
2693.87227
2365.249226
3022.495313
2791.856205
3029.278816
2329.824265
3274.992377
3091.83779
2534.836806
2755.677521
2448.158709
2580.813883
2164.005298
3065.4575
2858.937514
2999.129913
3035.308597
2844.616785
2883.056636
2728.543508
2737.588179
2854.415179
2975.764513
2476.046445
2769.99825
2568.000599
2928.279991
2868.735908
2913.959262
2507.702793
2590.612276
2559.709651
2767.737082
2736.834456
2806.930656
2624.529792
2582.321328
2794.117372
2616.992567
3125.755306
2642.619134
2369.771561
2541.620309
2353.189665
2274.048794
2604.933005
2285.354633
2468.509219
2949.384223
3093.345236
2836.325837
2372.786452
2587.597386
2785.072701
2471.524109
2698.394605
2560.463373
2219.780768
2650.15636
2797.132263
2709.700444
2561.970819
2665.984534
2531.821915
2795.624818
2674.275483
2457.20338
2444.390096
2827.281166
2692.364824
2610.962786
2722.513728
2603.42556
2318.518426
2509.210238
2714.222779
2687.842489
2561.970819
2337.36149
2422.532142
2725.528618
2531.068193
2726.28234
2540.866586
2651.663805
2152.699459
2834.818392
2580.813883
2539.359141
2574.784102
2212.997265
2463.233161
1987.634215
2482.076225
2230.332885
2543.881477
2867.982185
2378.816232
3026.263926
2651.663805
2878.534301
2517.501186
2539.359141
2819.74394
2321.533316
2551.418702
2205.460039
2214.50471
2623.77607
2557.448483
2451.1736
2622.268625
2336.607768
2919.989043
2381.0774
2486.598561
2625.283515
1998.186331
2160.236685
2633.574463
2384.09229
2316.257258
2627.544683
2396.905574
2653.17125
2623.022347
2650.910083
2267.265291
2555.187315
2831.049779
2164.75902
2553.67987
2296.660471
2794.117372
2539.359141
2790.348759
2529.560748
2480.56878
2504.687903
2509.963961
2854.415179
2684.073876
2661.462199
2274.048794
2511.471406
2919.23532
2782.811534
2556.69476
2454.18849
2341.883826
2610.209063
3032.293707
2721.760005
2411.226303
2616.992567
2869.48963
2615.485122
2288.369523
2199.430259
2877.026856
3017.972978
2288.369523
2549.157535
2477.55389
2886.825249
2487.352283
2557.448483
2971.995901
2524.28469
2451.1736
2354.69711
2518.254909
2492.628341
2646.387747
2344.898716
2306.458865
2396.905574
2427.8082
2613.223954
2575.537825
2219.780768
2500.165567
2583.828773
2387.107181
2603.42556
2231.84033
2362.234336
2290.630691
2912.451817
2404.4428
2479.815058
2194.907923
2387.107181
2206.213762
2370.525284
2568.754322
2553.67987
2506.94907
2515.240019
2858.937514
2469.262942
2698.394605
2845.370508
2485.091116
2687.088766
2505.441625
2439.114038
2475.292722
2609.455341
2756.431243
2874.011966
2544.635199
2745.879127
2542.374032
2351.682219
2591.365999
2477.55389
2123.304279
2045.670853
2723.26745
2485.844838
2511.471406
2296.660471
2390.875793
2299.675362
2442.882651
2460.971993
2230.332885
2512.225128
2245.407336
2288.369523
2572.522935
2311.734923
2568.000599
2840.848172
2674.275483
2496.396954
2531.821915
2521.269799
2274.802517
2274.802517
2517.501186
2383.338568
2115.767053
2438.360316
2475.292722
2073.558588
2386.353458
2047.178298
2442.882651
2610.962786
2461.725716
2391.629516
2555.187315
2886.071527
1995.925163
2233.347775
2507.702793
2030.596402
2085.61815
2115.767053
2336.607768
2552.926148
2157.221795
2688.596212
2466.248051
2588.351109
2803.915766
2317.010981
2607.194173
2450.419877
1984.619324
2263.496678
2480.56878
2381.0774
2371.279006
2491.874619
2269.526459
2290.630691
2217.519601
2399.920464
2332.839155
2083.356982
2362.988058
2605.686728
2440.621484
2280.832297
2348.667329
2394.644406
2470.016664
2484.337393
2397.659297
2455.695935
2067.528808
2522.777245
2210.736098
2209.228652
2567.246877
2084.864427
2313.996091
2209.982375
2480.56878
2733.819566
2446.651264
2725.528618
2150.438291
2307.96631
2958.428894
2608.701618
1928.843854
2245.407336
2601.918115
2393.890684
2620.007457
2447.404987
2597.39578
2776.028031
2401.42791
2531.821915
2239.377555
2429.315645
2275.556239
2448.912432
2375.047619
2386.353458
2344.898716
2266.511568
2516.747464
3032.293707
2867.982185
2304.197697
2205.460039
2531.068193
2253.698284
2309.473755
2557.448483
2670.50687
2423.285864
2864.213572
2596.642057
2392.383239
2356.958278
2709.700444
2602.671838
2731.558398
2207.721207
2643.372857
2673.52176
2167.020188
2875.519411
2274.802517
2698.394605
2473.785277
2519.008632
2329.070542
2398.413019
2572.522935
2598.903225
3119.725526
2587.597386
2347.159884
2209.982375
2712.715334
2457.957103
2473.031554
2347.913607
2267.265291
2918.481598
2738.341902
2411.226303
2794.117372
2280.832297
2626.037238
2524.28469
2166.266465
2450.419877
2591.365999
2531.068193
2545.388922
2476.046445
2700.655773
2098.431433
2144.408511
2479.061335
2463.986883
2658.447308
2411.226303
2404.4428
2047.932021
2162.497853
2540.112864
2629.052128
2587.597386
2408.965135
2450.419877
2566.493154
2710.454166
2215.258433
2366.002948
2296.660471
2901.145978
2418.009806
2604.933005
2031.350124
1772.82328
2584.582496
2327.563097
2411.980026
2731.558398
2545.388922
2271.787626
1980.096989
2398.413019
2509.963961
2690.857379
2212.997265
2623.022347
2227.317994
1686.898906
2417.256084
2170.035078
2500.165567
2188.878143
1934.873634
2212.997265
2326.055652
2239.377555
2385.599735
2350.928497
2160.990407
2283.847188
2244.653613
2485.091116
2335.100323
2294.399304
2519.762354
2503.180458
2956.921449
2012.50706
3005.159694
2383.338568
1911.508234
2439.114038
2136.117562
2500.91929
2375.047619
2418.763529
1975.574653
2337.36149
2012.50706
2353.943387
2516.747464
2312.488645
2399.920464
2385.599735
2513.732574
2078.834646
2598.903225
2306.458865
2033.611292
2323.794484
2105.214937
2715.730224
2316.257258
2414.241193
2228.071717
2347.159884
2440.621484
2239.377555
1998.186331
2075.066034
2135.36384
2340.376381
2606.440451
2953.906559
2271.033904
2407.45769
2264.2504
2412.733748
2626.037238
2392.383239
2866.47474
2372.032729
2124.811724
1980.096989
2359.973168
2204.706317
2454.942213
2428.561922
2087.879317
2378.816232
2813.714159
2362.234336
2099.938879
2485.091116
2306.458865
2474.539
1874.575828
3006.667139
2077.327201
2473.031554
2621.514902
2656.939863
2951.645391
2176.064859
2648.648915
2513.732574
2597.39578
2292.891858
2814.467882
2399.920464
2214.50471
2360.72689
2319.272149
2191.13931
2151.192014
2342.637549
2555.187315
2124.058001
2751.908908
2727.789786
2387.860903
2265.757846
2543.881477
2607.194173
2895.116198
2552.172425
2629.80585
2959.182617
2561.970819
2521.269799
2778.289198
3039.830933
2416.502361
2428.561922
2619.253734
2218.273323
2494.135787
2345.652439
2730.804676
2707.439276
2585.336218
2423.285864
2444.390096
2623.77607
2255.959452
2274.802517
2623.77607
2599.656947
2757.184966
2756.431243
2833.310946
2792.609927
2853.661456
2448.912432
2526.545857
2673.52176
2606.440451
2417.256084
2329.824265
2460.971993
2024.566621
2147.423401
2372.032729
2848.385398
2733.819566
2362.234336
2432.330535
2818.990217
2643.372857
2788.087592
2292.138136
2358.465723
2107.476104
2457.20338
2596.642057
2598.149502
2390.122071
2291.384413
2277.817407
2276.309962
2613.977676
2310.227478
2433.83798
2724.774895
2473.785277
2016.275673
2133.856395
2552.926148
2730.050953
2754.170076
2357.712
2620.76118
2166.266465
1854.225318
2482.829948
2299.675362
2576.291548
2604.179283
2444.390096
2513.732574
2452.681045
2679.551541
2405.196522
2323.040762
2534.083083
2658.447308
2625.283515
2274.048794
2310.227478
2769.244527
3036.816042
2649.402638
2525.038412
2399.166742
2395.398129
2479.061335
2069.789976
2216.765878
2411.226303
2348.667329
2364.495503
2431.576813
2442.882651
2491.120896
2298.921639
2532.575638
2556.69476
2558.955928
2249.929672
2273.295071
2478.307612
2286.108355
2522.777245
2476.046445
2248.422226
2589.104831
2577.798993
2833.310946
2428.561922
2868.735908
2577.798993
2421.024697
1993.663995
2208.47493
2761.707302
2300.429084
2536.344251
2834.064669
2559.709651
2613.223954
2836.325837
2613.223954
2163.251575
2325.301929
2678.797818
2617.746289
2231.84033
2231.84033
2515.240019
2631.313296
3048.875603
2755.677521
3089.576623
2282.339742
2402.181632
2647.895192
2390.875793
2281.58602
2813.714159
2721.006282
2662.215921
2766.229637
2716.483947
2577.04527
2278.571129
2478.307612
2212.243543
2856.676346
2604.933005
2858.937514
2555.941038
2850.646566
2244.653613
2388.614626
2714.222779
2509.210238
2431.576813
2748.894018
2146.669678
2616.992567
2946.369333
2721.760005
3142.337203
3026.263926
2818.236495
2791.856205
2606.440451
2436.099148
2451.927322
2274.802517
2409.718858
2505.441625
2886.071527
2800.147153
2478.307612
2741.356792
1946.179473
2619.253734
2279.324852
2515.240019
2785.072701
1735.137151
2644.880302
2955.414004
2509.963961
2722.513728
2632.820741
2644.880302
3111.434577
2334.3466
2632.067018
2715.730224
2924.511378
2526.545857
2611.716509
2682.566431
2715.730224
2865.721017
2706.685553
2855.922624
2362.234336
2375.047619
2595.134612
2037.379905
2517.501186
2583.828773
2478.307612
2184.355807
2641.865412
2681.058986
2513.732574
2315.503536
2399.166742
2887.578972
3178.515887
2610.209063
2567.246877
2420.270974
2507.702793
2319.272149
1998.940053
2386.353458
2557.448483
2195.661646
2798.639708
2644.880302
2602.671838
2891.347585
2688.596212
2344.898716
2219.027046
2552.172425
2395.398129
2604.179283
2762.461024
2331.33171
2759.446134
1993.663995
2531.821915
2788.841314
2613.977676
2436.852871
2589.858554
2316.257258
2713.469057
2225.056826
2594.380889
2585.336218
2767.737082
2766.229637
2710.454166
2402.181632
2320.025871
2435.345426
2340.376381
2533.329361
2377.308787
2379.569955
2200.937704
2639.604244
2120.289388
2286.862078
2829.542333
2548.403812
2500.91929
2745.879127
2442.128929
2258.974342
2582.321328
2534.083083
1926.582686
2510.717683
2463.233161
2520.516077
2707.439276
2637.343076
2281.58602
2591.365999
2214.50471
2087.125595
2763.968469
2515.993741
2651.663805
2111.244717
2294.399304
2205.460039
2260.481788
2303.443975
2782.057811
2705.931831
2752.662631
2190.385588
2258.22062
2478.307612
2151.192014
3067.718668
2397.659297
2833.310946
2558.955928
2194.907923
2608.701618
2604.933005
2540.112864
2469.262942
2473.785277
2583.828773
2794.871095
2572.522935
2577.798993
2350.928497
2360.72689
2347.159884
2274.048794
2610.962786
2630.559573
2015.52195
2742.864237
2432.330535
2379.569955
2932.802327
2581.567606
2434.591703
2459.464548
2610.962786
2596.642057
2620.76118
2216.012156
2598.149502
2448.912432
2460.218271
2723.26745
2776.028031
2496.396954
2453.434767
2436.852871
1824.076415
3115.20319
2814.467882
2424.039587
2683.320153
2397.659297
2852.907733
3032.293707
2460.971993
2638.850521
2555.187315
2429.315645
2702.163218
2764.722192
2554.433593
2472.277832
2219.780768
2561.970819
2579.306438
2539.359141
2861.198682
2468.509219
2459.464548
2663.723366
2956.921449
2534.083083
2826.527443
2580.813883
2951.645391
2281.58602
2543.881477
2408.965135
2579.306438
2425.547032
2365.249226
2881.549191
2740.603069
2078.080924
2509.210238
2755.677521
2814.467882
2699.148328
2378.816232
2629.052128
2462.479438
2577.798993
2689.349934
2415.748639
2512.978851
2557.448483
3118.218081
2445.143819
2608.701618
3042.845823
2709.700444
2766.229637
2520.516077
2537.851696
2638.096799
2659.201031
2705.931831
2428.561922
2719.498837
2304.197697
2822.005108
2415.748639
2791.856205
3030.786262
2234.85522
2359.219445
2703.670663
2334.3466
2250.683394
2914.712985
2786.580147
2522.777245
2536.344251
2843.863062
2508.456516
2721.760005
2196.415369
2354.69711
2515.993741
2237.116388
2489.613451
3082.793119
2414.241193
2565.739431
2787.333869
2681.812708
2836.325837
2600.41067
2642.619134
2307.96631
2442.882651
2169.281356
1983.111879
2385.599735
2101.446324
3105.404797
2606.440451
2672.014315
2046.424576
2246.161059
2760.199856
2436.852871
2488.859729
2631.313296
2660.708476
2270.280181
2295.906749
2120.289388
2585.336218
2833.310946
2607.194173
2222.041936
2258.22062
2825.019998
2726.28234
2539.359141
2335.100323
2445.143819
2314.749813
2491.874619
2157.221795
2403.689077
2552.926148
2659.201031
2581.567606
2357.712
2311.734923
2246.914781
2524.28469
2139.132453
2589.104831
2638.096799
2268.772736
2758.692411
2430.82309
2026.074066
2616.992567
2383.338568
2366.756671
2460.218271
2898.131088
2485.091116
2462.479438
2345.652439
2349.421052
2286.108355
2219.027046
2608.701618
2467.001774
2475.292722
2668.245702
2315.503536
2436.099148
3086.561732
3275.746099
1914.523125
2384.09229
2644.880302
2337.36149
2681.812708
2626.037238
2257.466897
2096.923988
2378.06251
2516.747464
2512.978851
2506.94907
2158.72924
2637.343076
2407.45769
2439.867761
2684.073876
2411.226303
2662.969644
2158.72924
1934.873634
2703.670663
2432.330535
2597.39578
2102.953769
2544.635199
2653.17125
2569.508044
2751.155185
2264.2504
2674.275483
2080.342092
2460.218271
2363.741781
2405.950245
2678.797818
2504.687903
2775.274308
2439.114038
2325.301929
2886.071527
2580.06016
2568.754322
2577.04527
2378.816232
2398.413019
2586.089941
2341.130103
2869.48963
2270.280181
2643.372857
2714.976502
2337.36149
2491.874619
2416.502361
2231.84033
2212.997265
2677.290373
2459.464548
2534.083083
2705.178108
3048.121881
2673.52176
2404.4428
2519.762354
2309.473755
2583.075051
2438.360316
2978.025681
2598.149502
2839.340727
3003.652249
2506.195348
2483.58367
2480.56878
2566.493154
2421.024697
2347.913607
2539.359141
2628.298405
2441.375206
2467.001774
2317.010981
2953.152836
2745.125405
2463.233161
2169.281356
2491.874619
2719.498837
2638.850521
2658.447308
2725.528618
2473.785277
3309.663615
2514.486296
2757.938689
2439.114038
2335.854045
2336.607768
1958.239034
2173.049969
2109.737272
2514.486296
2357.712
2488.106006
2898.131088
2678.797818
2383.338568
2243.146168
2324.548207
2375.047619
2496.396954
2460.971993
2488.106006
2656.186141
2889.086417
2812.206714
2333.592878
2442.128929
2628.298405
2641.865412
2090.894208
2719.498837
2729.297231
2315.503536
3160.426545
2281.58602
2757.184966
2828.034888
2711.961611
2466.248051
2674.275483
2540.866586
2518.254909
2479.815058
2333.592878
2108.98355
2690.103657
2410.47258
2663.723366
2495.643232
2597.39578
2659.201031
2258.22062
2523.530967
2569.508044
2243.146168
2205.460039
2830.296056
2599.656947
1813.524299
2544.635199
2840.09445
2417.256084
2364.495503
2564.231986
2217.519601
2536.344251
2457.957103
2753.416353
2715.730224
2481.322503
2224.303104
2530.31447
2454.18849
2105.968659
2289.123246
2533.329361
2293.645581
2317.764703
2538.605419
2620.76118
2592.873444
2463.233161
2515.240019
2524.28469
2359.973168
2115.01333
2200.183981
2635.081909
2644.880302
2646.387747
2618.500012
2362.988058
2765.475914
2369.771561
2606.440451
2848.385398
2667.491979
2173.803691
2381.831123
2179.833472
2445.143819
2207.721207
2708.946721
2190.385588
2943.354443
3296.096609
2450.419877
2673.52176
2601.164393
2137.625008
2769.244527
2216.765878
2277.063684
2959.182617
2864.213572
2705.931831
2580.813883
2592.119722
2560.463373
2623.022347
2745.879127
3102.389906
2889.086417
2607.194173
2777.535476
2712.715334
2040.394795
2228.071717
2525.792135
2307.96631
2549.911257
2653.17125
2831.049779
2864.213572
2504.687903
2375.047619
2337.36149
2596.642057
2478.307612
2292.891858
2773.766863
2585.336218
2445.897542
2491.120896
2387.107181
2515.993741
2606.440451
2834.818392
2810.699269
2527.29958
2426.300755
2383.338568
2601.918115
2571.769212
2633.574463
2835.572114
2328.31682
3020.234146
2552.926148
2872.50452
2555.941038
2379.569955
2570.261767
2488.106006
2490.367174
3042.845823
2593.627167
2515.993741
2638.850521
2451.1736
2449.666155
2947.123056
2914.712985
2343.391271
2157.221795
2432.330535
2654.678696
2130.841504
2709.700444
2230.332885
2883.056636
2825.019998
2650.15636
2501.673012
2644.880302
2941.093275
2302.690252
2916.22043
2662.969644
2621.514902
2639.604244
2278.571129
2711.961611
2598.149502
2660.708476
2540.112864
2479.815058
2108.98355
2558.955928
3086.561732
2913.20554
2570.261767
2803.915766
2225.810549
2404.4428
2262.742955
2281.58602
2714.976502
2681.812708
2944.108165
1927.336408
2592.873444
2766.229637
2742.864237
2381.0774
2797.885985
2073.558588
2463.233161
2521.269799
2223.549381
2121.796833
2393.136961
2695.379715
2332.839155
2442.128929
2207.721207
2228.071717
2740.603069
2552.172425
2236.362665
2426.300755
2656.186141
2563.478264
2165.512743
2151.192014
2547.65009
1928.843854
2488.859729
2381.0774
2564.985709
2323.794484
2774.520585
2326.809374
2389.368348
2473.785277
2469.262942
2292.891858
2148.177124
2284.60091
2418.763529
2176.818582
2145.915956
2320.779594
1939.39597
2756.431243
2586.843664
2222.795659
2170.035078
2268.019013
2730.050953
2522.777245
2076.573479
2427.054477
2451.1736
2462.479438
2669.753147
2718.745115
2528.807025
2474.539
2679.551541
2275.556239
2126.319169
2681.812708
2542.374032
2431.576813
2598.903225
2381.831123
2194.907923
2114.259608
2366.002948
2281.58602
2456.449658
2344.144994
2572.522935
2528.053303
2309.473755
2299.675362
2659.954754
2389.368348
2444.390096
2655.432418
2491.874619
2606.440451
2705.178108
2580.06016
2191.13931
2187.370698
1943.918305
2404.4428
2650.910083
2177.572304
2422.532142
2751.155185
2513.732574
2059.991582
2184.355807
2681.058986
1953.716699
2530.31447
2882.302914
2400.674187
2298.167916
2480.56878
2428.561922
2469.262942
2300.429084
2363.741781
2738.341902
2525.792135
2172.296246
2814.467882
2890.593862
2391.629516
1963.515092
2440.621484
2481.322503
2427.8082
2203.198872
2281.58602
2462.479438
2687.842489
2455.695935
2662.215921
2586.089941
2533.329361
2515.240019
2449.666155
2255.20573
2261.23551
2450.419877
2436.099148
2356.204555
2946.369333
2280.832297
2650.910083
2345.652439
2380.323677
2399.166742
2174.557414
2235.608943
2199.430259
2103.707492
2327.563097
2540.866586
2579.306438
2587.597386
2551.418702
2518.254909
2299.675362
2542.374032
2825.773721
2643.372857
2429.315645
2627.544683
2609.455341
2352.435942
2300.429084
2294.399304
2693.118547
2287.6158
2366.002948
2717.237669
2377.308787
2439.867761
2310.227478
2531.068193
2350.928497
2423.285864
2460.971993
2215.258433
2094.662821
2276.309962
2276.309962
2519.762354
2729.297231
2354.69711
2577.798993
2387.107181
2641.865412
2515.240019
2087.125595
2256.713175
2186.616975
2495.643232
2414.994916
2224.303104
2069.036253
2329.824265
2127.826614
2843.10934
2389.368348
2454.942213
2372.032729
1796.942403
2252.944562
2522.777245
2367.510394
2743.61796
2659.201031
2353.189665
2413.487471
2494.135787
2599.656947
2193.400478
2824.266275
2691.611102
2091.64793
2006.477279
2393.890684
2071.297421
2369.771561
2212.997265
2278.571129
2525.038412
2208.47493
2407.45769
2416.502361
2513.732574
2212.997265
2517.501186
2317.764703
2379.569955
2402.935355
2516.747464
2328.31682
2403.689077
2229.579162
2886.071527
2532.575638
2407.45769
2487.352283
2536.344251
2424.793309
2191.13931
2174.557414
2115.767053
2340.376381
2091.64793
2159.482962
2402.935355
2629.052128
2704.424386
2415.748639
2266.511568
2154.206904
2032.857569
2247.668504
2396.151852
1759.256274
2191.893033
2209.982375
2364.495503
2523.530967
2545.388922
2578.552715
2020.044285
2217.519601
1648.459055
2438.360316
2329.070542
2573.276657
2522.023522
2255.20573
2547.65009
3048.121881
1986.126769
2540.866586
2404.4428
2393.890684
2027.581511
2163.251575
2069.789976
2726.28234
2521.269799
2852.154011
2460.971993
2259.728065
2157.975517
2192.646756
2493.382064
2326.055652
2559.709651
2364.495503
2548.403812
2668.999425
2369.771561
2185.863252
2793.36365
2514.486296
2663.723366
2446.651264
2174.557414
2550.66498
2462.479438
2485.091116
2739.849347
2623.022347
2467.755496
2678.797818
2229.579162
2187.370698
2335.100323
2222.041936
2416.502361
2111.99844
2504.687903
2347.159884
2613.977676
1971.052318
2493.382064
1969.544873
2214.50471
2696.133437
2347.159884
2589.104831
2396.905574
2377.308787
2642.619134
2245.407336
2360.72689
2541.620309
2405.196522
2199.430259
2699.90205
2650.910083
2142.901066
2255.20573
2274.048794
2867.228462
2376.555065
2573.276657
2321.533316
2788.841314
2739.849347
2608.701618
2399.166742
2815.975327
2641.865412
2394.644406
2778.289198
1777.345616
2576.291548
2872.50452
2288.369523
2540.866586
2004.969834
2568.000599
2362.234336
2668.999425
2631.313296
2690.857379
2372.786452
2350.174774
2234.101497
2391.629516
2855.922624
2231.84033
2237.116388
1943.918305
2206.213762
2317.010981
2401.42791
2647.895192
2778.289198
2599.656947
2369.771561
2576.291548
2695.379715
2703.670663
2841.601895
2607.194173
2488.106006
2402.181632
2543.881477
2016.275673
3110.680855
2397.659297
2294.399304
2586.843664
2665.984534
2259.728065
1793.17379
2427.8082
2241.638723
2142.147343
2668.245702
2143.654788
2208.47493
3099.375016
2543.127754
2613.977676
2382.584845
2667.491979
2096.170266
2225.810549
2308.720033
2569.508044
2101.446324
2265.757846
1883.620499
2435.345426
2630.559573
2444.390096
2525.038412
2429.315645
2385.599735
2412.733748
2189.631865
2671.260592
2607.194173
2643.372857
2340.376381
2168.527633
2188.878143
2455.695935
2294.399304
2096.170266
2029.088956
2224.303104
2412.733748
1772.069557
2619.253734
2310.9812
2170.035078
2466.248051
2118.781943
2280.832297
2344.144994
2321.533316
1998.940053
1647.705332
2571.769212
2151.945736
2574.03038
2128.580337
2219.780768
2218.273323
2369.771561
2414.994916
2517.501186
2536.344251
2429.315645
2401.42791
2274.802517
2319.272149
2393.136961
2262.742955
2237.116388
2223.549381
2356.204555
2650.15636
2415.748639
2626.037238
2596.642057
2295.153026
2362.988058
2143.654788
2318.518426
1975.574653
2320.779594
2130.841504
2249.175949
2386.353458
2394.644406
2360.72689
2558.955928
2519.762354
2616.238844
2488.859729
2142.901066
3240.321138
2548.403812
1925.828963
3199.620119
2610.209063
2663.723366
2595.888335
2506.94907
2483.58367
2716.483947
2096.923988
2332.839155
3155.150487
2757.184966
2099.185156
2814.467882
2251.437117
2287.6158
1900.956118
2512.225128
2227.317994
2449.666155
2924.511378
2339.622658
2438.360316
2524.28469
2506.195348
2536.344251
2660.708476
2954.660281
2734.573289
2869.48963
2831.803501
2568.754322
2266.511568
2414.994916
2409.718858
2247.668504
2520.516077
2686.335044
2846.12423
2488.859729
2580.06016
2782.057811
2484.337393
2558.202206
2846.877953
2757.184966
3174.747274
2305.705142
2255.959452
3124.247861
2678.797818
2993.853855
2702.163218
2248.422226
2995.361301
2283.847188
2831.049779
2525.038412
2411.226303
2068.28253
2496.396954
2433.084258
2373.540174
2127.826614
2255.20573
2940.339552
2026.827789
2424.039587
2847.631675
2271.787626
2353.189665
2554.433593
2407.45769
2724.021173
2518.254909
2840.848172
2610.209063
3006.667139
2959.182617
2539.359141
2556.69476
2463.233161
2600.41067
2434.591703
2896.623643
2571.015489
2391.629516
2275.556239
2168.527633
2366.756671
3091.83779
2206.967485
2500.165567
2758.692411
2030.596402
2505.441625
3340.566241
2348.667329
2621.514902
2703.670663
2510.717683
2797.885985
2690.103657
2462.479438
1843.673202
2333.592878
2749.64774
2494.889509
2474.539
2393.890684
2594.380889
2405.196522
2529.560748
2235.608943
2128.580337
2850.646566
2113.505885
2367.510394
2606.440451
2418.763529
2414.241193
2440.621484
2364.495503
2116.520775
2748.894018
2299.675362
2634.328186
2736.080734
2798.639708
2681.812708
2821.251385
2404.4428
2360.72689
2132.348949
2334.3466
2242.392446
2510.717683
2285.354633
2681.812708
2429.315645
2561.217096
2621.514902
2510.717683
2539.359141
2200.183981
2189.631865
2148.930846
2412.733748
2895.86992
2534.836806
1922.814073
2548.403812
2574.784102
2145.915956
2988.577797
2311.734923
2792.609927
2115.01333
2571.015489
2521.269799
2769.99825
2311.734923
2385.599735
2975.010791
2635.835631
2509.210238
2739.095624
2056.976692
2572.522935
2644.126579
2338.115213
2370.525284
2194.154201
2250.683394
2506.195348
2407.45769
2229.579162
2471.524109
2307.212587
2470.770387
2732.312121
2404.4428
2509.963961
2728.543508
2565.739431
2322.287039
2113.505885
2886.071527
2664.477089
2184.355807
2528.053303
2439.867761
2718.745115
2907.175759
2488.106006
2292.138136
2382.584845
2401.42791
2503.180458
2574.03038
2996.115023
2928.279991
2519.008632
2269.526459
2457.20338
2414.241193
2247.668504
2133.856395
2610.209063
2765.475914
2690.857379
2463.233161
2298.167916
2474.539
2153.453182
2091.64793
2206.213762
2293.645581
2503.180458
2033.611292
2670.50687
2466.248051
2738.341902
2950.891668
2494.135787
2811.452992
2623.022347
2645.634025
2699.90205
2107.476104
2860.444959
2626.037238
2431.576813
2424.793309
2376.555065
2824.266275
2555.941038
2135.36384
2443.636374
2584.582496
2320.025871
2631.313296
2406.703968
2363.741781
2266.511568
2616.238844
2702.163218
2745.879127
2857.430069
2518.254909
2431.576813
2657.693586
2929.787436
2365.249226
2572.522935
2742.110515
2320.025871
2494.135787
2257.466897
2628.298405
2240.131278
2437.606593
2444.390096
2279.324852
2251.437117
2182.09464
2504.687903
2475.292722
2353.943387
2894.362475
2197.922814
2337.36149
2369.017839
2763.214747
2402.935355
2531.821915
2571.015489
2430.069368
2308.720033
2607.194173
2450.419877
2490.367174
2669.753147
2390.875793
2716.483947
2448.912432
2438.360316
2522.777245
2922.250211
2646.387747
2868.735908
2526.545857
2712.715334
2531.068193
2317.764703
2843.10934
2548.403812
2294.399304
2717.991392
2225.056826
2107.476104
2736.080734
2149.684569
2852.154011
2519.008632
2690.857379
2413.487471
2644.880302
2531.821915
2429.315645
2295.906749
2601.164393
2738.341902
2065.26764
2380.323677
2788.087592
1994.417718
1943.918305
2856.676346
2642.619134
2181.340917
2306.458865
2532.575638
2536.344251
2561.970819
2702.163218
2341.883826
2347.159884
2274.048794
2517.501186
2622.268625
2302.690252
2122.550556
2138.37873
2033.611292
2825.019998
2476.046445
2137.625008
2501.673012
2305.705142
2394.644406
2728.543508
2626.037238
2794.117372
2554.433593
2197.922814
2345.652439
2084.864427
2533.329361
2966.719843
2874.011966
2650.910083
2508.456516
2310.9812
2342.637549
2085.61815
2066.775085
2572.522935
2532.575638
1828.598751
2616.992567
3036.06232
2007.231002
2649.402638
2575.537825
2679.551541
2499.411845
2639.604244
2455.695935
2145.915956
2277.817407
2096.170266
2091.64793
2575.537825
2415.748639
2670.50687
2497.150677
2814.467882
2809.945546
2502.426735
2775.274308
2422.532142
2499.411845
2285.354633
2672.014315
2418.009806
2497.150677
2661.462199
2772.259418
2472.277832
2448.912432
2590.612276
2549.157535
2351.682219
2244.653613
2543.881477
2649.402638
3030.786262
2506.94907
2458.710825
2592.119722
2703.670663
2304.197697
2402.935355
2884.564082
2604.179283
2486.598561
2608.701618
2598.903225
2432.330535
2425.547032
2927.526269
2218.273323
2281.58602
2548.403812
2710.454166
2707.439276
2467.001774
2589.858554
2052.454356
2357.712
2495.643232
2525.792135
2808.438101
2418.763529
2822.005108
2438.360316
2901.899701
2596.642057
2243.899891
2533.329361
2454.942213
2101.446324
2504.687903
2365.249226
2370.525284
2758.692411
2564.231986
2678.044095
2555.187315
2516.747464
2288.369523
2531.068193
2266.511568
2536.344251
2323.040762
2261.23551
2733.065844
2414.994916
2779.042921
2457.20338
2698.394605
2469.262942
2508.456516
2225.810549
2611.716509
2601.164393
2607.194173
2397.659297
2647.895192
2654.678696
2335.100323
2720.25256
2546.142644
2750.401463
2668.245702
2408.965135
2004.216111
2237.87011
2679.551541
2803.915766
2610.209063
3008.174584
2540.866586
2533.329361
3077.517061
2522.777245
2647.895192
2642.619134
2274.048794
2716.483947
2523.530967
2777.535476
2081.849537
2442.128929
2362.988058
2534.083083
2537.097973
2289.123246
2418.009806
2265.004123
2268.772736
2655.432418
2359.219445
2580.06016
2708.946721
2763.214747
2709.700444
2661.462199
2286.862078
2935.063494
2723.26745
2142.901066
2062.25275
2250.683394
2396.905574
2127.826614
2007.231002
2769.99825
2567.246877
2166.266465
2647.895192
2413.487471
2652.417528
2717.991392
2514.486296
2200.183981
2684.827599
2081.849537
2323.794484
2452.681045
2544.635199
2329.070542
2699.148328
2604.179283
1945.42575
2530.31447
2449.666155
2346.406161
2503.93418
2006.477279
2344.898716
2380.323677
2473.031554
2160.236685
2363.741781
2333.592878
2660.708476
2268.019013
2607.194173
2639.604244
2717.991392
2511.471406
2101.446324
2400.674187
2488.106006
2742.864237
2588.351109
2672.014315
2132.348949
2445.897542
2317.764703
2409.718858
2415.748639
2347.913607
2256.713175
2365.249226
2413.487471
2463.986883
1883.620499
2433.83798
2750.401463
2583.828773
2222.041936
2231.84033
2904.914591
2958.428894
2595.134612
1914.523125
2215.258433
2511.471406
2396.151852
2636.589354
2376.555065
2468.509219
2395.398129
2294.399304
2691.611102
2446.651264
2459.464548
2550.66498
2945.61561
2627.544683
2910.944372
2609.455341
2332.085432
2553.67987
2353.943387
2493.382064
2225.810549
2071.297421
2525.038412
2503.93418
2894.362475
2505.441625
2889.086417
2889.086417
2465.494329
2547.65009
2244.653613
2573.276657
2626.79096
2795.624818
2292.891858
2816.72905
2467.755496
2741.356792
2408.965135
3239.567416
2179.833472
2208.47493
2777.535476
2601.164393
2943.354443
2365.249226
2596.642057
2203.952594
2537.851696
2938.078385
2424.039587
2904.914591
2387.860903
2523.530967
2703.670663
2304.95142
2639.604244
2418.009806
2592.119722
2495.643232
2904.160869
2638.850521
2577.04527
2522.023522
2598.149502
2621.514902
2384.846013
2923.757656
2856.676346
2714.222779
2519.008632
2559.709651
2015.52195
3032.293707
2613.223954
2509.963961
2560.463373
2464.740606
2827.281166
2965.96612
2738.341902
2341.130103
2355.450832
2643.372857
2188.12442
2382.584845
2521.269799
2725.528618
2498.658122
2418.009806
2490.367174
2565.739431
2442.882651
2788.087592
2882.302914
2358.465723
2491.874619
2289.876968
2715.730224
2420.270974
2207.721207
2268.019013
2017.783118
2371.279006
2558.955928
2231.84033
2463.986883
2524.28469
2332.839155
2388.614626
2270.280181
2187.370698
2542.374032
2307.212587
2700.655773
2522.777245
2436.099148
2487.352283
2561.217096
2719.498837
2641.111689
2378.06251
1959.746479
2463.233161
2522.777245
1943.918305
2375.047619
2670.50687
2128.580337
2577.04527
2706.685553
2583.075051
2779.042921
2305.705142
2200.937704
2436.852871
2439.867761
2639.604244
2411.226303
2212.243543
2212.243543
2378.816232
2648.648915
2424.039587
2338.868936
2212.243543
2791.102482
2428.561922
2262.742955
2845.370508
2377.308787
2589.858554
2122.550556
2310.9812
2595.888335
2515.993741
2941.093275
2401.42791
2206.967485
2327.563097
2370.525284
2001.201221
2261.23551
2511.471406
2411.980026
2430.069368
1849.702983
2833.310946
2288.369523
2574.784102
2850.646566
2329.824265
2113.505885
2512.978851
2447.404987
2647.14147
2313.242368
2565.739431
2717.237669
2503.180458
2473.031554
1846.688093
2587.597386
2332.839155
2777.535476
2697.640882
2461.725716
2274.048794
2339.622658
2584.582496
2261.989233
2556.69476
2667.491979
2404.4428
2375.047619
2329.070542
2380.323677
2999.883636
2554.433593
2609.455341
2697.640882
2503.93418
2219.027046
2354.69711
2748.894018
2638.096799
2524.28469
2604.179283
2209.982375
2676.53665
2571.769212
2490.367174
2585.336218
1977.082099
2303.443975
2372.032729
2761.707302
2494.889509
2018.53684
2477.55389
2990.838965
2701.409495
2707.439276
2310.227478
2592.873444
2579.306438
2570.261767
2547.65009
2300.429084
2476.800167
2414.241193
2440.621484
2638.850521
2571.015489
2464.740606
2724.021173
2867.228462
2625.283515
2231.84033
2548.403812
2320.025871
2542.374032
2745.879127
2902.653423
2484.337393
2590.612276
2188.12442
2275.556239
2696.133437
2231.84033
2947.123056
2591.365999
2830.296056
2788.841314
2591.365999
2481.322503
2419.517251
2686.335044
2377.308787
2648.648915
2727.789786
2317.764703
2893.608753
2699.90205
2338.868936
2369.771561
2852.907733
2723.26745
2287.6158
2777.535476
2284.60091
2314.749813
2280.078575
2821.251385
2534.083083
2170.035078
2774.520585
2623.77607
2388.614626
2871.750798
2363.741781
2326.809374
2662.969644
2779.796643
2448.912432
2593.627167
2342.637549
2460.971993
2381.831123
2715.730224
2369.771561
2767.737082
2577.798993
2557.448483
2677.290373
2198.676536
2465.494329
2488.859729
2488.859729
2389.368348
2584.582496
2205.460039
2796.37854
2315.503536
2297.414194
2405.196522
2402.181632
2369.017839
2236.362665
2314.749813
2497.904399
2150.438291
2530.31447
2527.29958
2200.937704
2599.656947
2727.036063
2721.760005
2571.015489
2463.233161
2067.528808
2498.658122
2548.403812
2573.276657
2194.154201
2323.040762
2799.39343
2549.157535
2574.03038
2258.22062
2411.980026
2714.222779
2527.29958
2394.644406
2640.357967
2093.909098
1842.91948
2650.15636
2323.794484
2301.182807
2701.409495
2441.375206
2366.756671
1932.612466
1991.402827
2286.108355
2647.895192
2353.943387
2004.969834
1965.022537
2928.279991
2847.631675
2399.920464
2983.301739
2038.133627
2514.486296
2176.818582
2307.96631
1882.866776
2369.017839
2102.200046
2181.340917
2330.577987
2635.835631
2521.269799
2623.77607
2730.804676
2010.245892
2677.290373
2658.447308
2209.228652
2415.748639
2552.172425
2239.377555
2287.6158
2527.29958
2203.952594
2338.868936
2121.796833
2537.851696
2329.824265
2473.785277
2880.041746
1793.17379
2245.407336
2407.45769
2213.750988
2524.28469
2522.023522
2381.0774
2130.841504
2815.221605
2693.87227
2191.893033
2281.58602
2572.522935
2458.710825
2720.25256
2505.441625
2208.47493
2493.382064
2091.64793
2430.069368
2180.587194
2532.575638
2576.291548
2335.854045
2487.352283
2720.25256
2371.279006
2269.526459
2433.83798
2440.621484
2249.175949
2592.119722
2650.910083
2551.418702
2458.710825
2304.197697
2443.636374
2516.747464
2410.47258
2706.685553
2514.486296
2572.522935
2439.867761
2316.257258
2555.187315
2655.432418
1977.835821
2247.668504
2387.107181
2565.739431
2082.603259
2599.656947
2535.590528
2063.760195
2587.597386
2778.289198
2341.130103
2272.541349
2393.136961
2381.831123
2219.780768
2508.456516
2284.60091
2320.025871
2355.450832
2317.010981
2178.326027
2212.997265
2616.992567
2225.810549
2087.879317
2258.974342
2216.765878
2693.118547
2627.544683
2240.885001
2626.79096
2314.749813
2475.292722
2388.614626
2597.39578
2656.939863
2302.690252
2498.658122
2029.842679
2492.628341
1961.253924
2443.636374
2307.212587
2402.181632
2461.725716
2357.712
2853.661456
2366.756671
2219.780768
2257.466897
2276.309962
2305.705142
2467.001774
2542.374032
2450.419877
2503.93418
2626.037238
2405.950245
2250.683394
2042.655963
1889.65028
2200.183981
2551.418702
2023.059176
2476.800167
2396.151852
2170.035078
2096.923988
2014.014505
2293.645581
2410.47258
2268.772736
2550.66498
2059.991582
2260.481788
2443.636374
2075.066034
2304.95142
2409.718858
2125.565446
2037.379905
2261.989233
2132.348949
2360.72689
2243.899891
2568.754322
2416.502361
2233.347775
2448.912432
2030.596402
1884.374222
2343.391271
1938.642247
2075.066034
2265.004123
2185.863252
2445.143819
1952.209253
2190.385588
1958.992757
2341.130103
2254.452007
2382.584845
2359.973168
2081.095814
2255.20573
2840.09445
2560.463373
2269.526459
2189.631865
2700.655773
2497.904399
2263.496678
2075.066034
2148.930846
2093.155375
2139.132453
2443.636374
2120.289388
2339.622658
1846.688093
2314.749813
2161.74413
2470.016664
2419.517251
2502.426735
2898.131088
1839.150867
2161.74413
2326.055652
2026.074066
2269.526459
2348.667329
2212.997265
2182.09464
2295.906749
1946.179473
2287.6158
2244.653613
2854.415179
2154.960627
2447.404987
2494.889509
2352.435942
2278.571129
2371.279006
2304.95142
2493.382064
2384.846013
2354.69711
2291.384413
2590.612276
2716.483947
2269.526459
2742.110515
2198.676536
2064.513918
2193.400478
2351.682219
2204.706317
2129.334059
2448.912432
2328.31682
2226.564272
2354.69711
2266.511568
2634.328186
2270.280181
2307.212587
2474.539
2747.386573
2426.300755
2319.272149
2773.766863
2564.231986
2448.158709
1815.785467
2517.501186
2589.104831
2463.233161
1776.591893
1974.067208
2020.044285
2038.133627
2485.091116
2180.587194
2141.39362
2123.304279
2027.581511
2655.432418
2523.530967
2308.720033
2293.645581
2580.813883
2277.063684
2273.295071
2372.786452
2506.94907
2874.011966
2313.242368
2494.889509
2127.072891
2651.663805
2326.055652
2104.461214
2386.353458
2214.50471
2145.915956
2292.138136
2181.340917
1849.702983
2230.332885
2099.938879
2253.698284
2066.021363
2180.587194
2371.279006
2352.435942
2189.631865
2503.180458
2426.300755
2378.816232
2396.151852
2837.833282
2546.896367
2096.923988
2472.277832
2121.043111
2421.024697
2030.596402
2068.28253
2605.686728
2535.590528
2059.991582
2156.468072
2146.669678
2528.807025
2036.626182
1917.538015
2092.401653
2531.821915
2457.20338
2200.937704
2026.074066
2283.847188
2721.006282
2248.422226
1977.835821
1925.828963
2170.035078
2598.149502
2674.275483
1899.448673
2212.997265
2593.627167
2644.126579
2192.646756
2308.720033
2408.965135
2213.750988
2003.462389
2255.959452
2271.787626
2381.0774
2157.975517
2282.339742
2035.87246
1829.352473
2017.783118
2397.659297
2586.843664
2503.93418
2280.078575
2207.721207
2610.209063
2825.773721
1815.785467
2463.986883
1992.910273
2703.670663
2193.400478
1805.987073
2349.421052
2727.789786
2148.930846
2322.287039
2733.065844
2283.093465
2305.705142
2195.661646
2083.356982
2092.401653
2670.50687
2649.402638
2216.765878
2741.356792
2580.813883
2137.625008
2445.897542
2382.584845
2837.079559
2074.312311
2339.622658
2199.430259
2353.189665
2252.944562
2218.273323
2548.403812
2223.549381
2200.937704
2469.262942
2392.383239
2605.686728
2282.339742
2395.398129
1992.15655
1985.373047
2359.219445
2297.414194
2466.248051
2362.988058
2489.613451
2824.266275
2512.225128
2688.596212
2445.897542
2491.120896
2542.374032
2437.606593
2525.792135
2480.56878
2200.183981
2299.675362
2369.017839
2213.750988
2052.454356
2398.413019
2697.640882
2200.937704
2469.262942
2805.423211
2268.019013
2185.10953
2188.12442
2323.040762
2662.215921
2636.589354
2196.415369
2590.612276
2397.659297
2479.061335
2474.539
2430.82309
2743.61796
2707.439276
2665.984534
2164.005298
2298.167916
2420.270974
2546.896367
2543.127754
2491.874619
1780.360506
2683.320153
2793.36365
2489.613451
2467.001774
2904.914591
2489.613451
2471.524109
2694.625992
2851.400288
2711.207889
2678.797818
2602.671838
2302.690252
2552.172425
2964.458675
2252.944562
2956.921449
3017.219255
2875.519411
2238.623833
2482.076225
2386.353458
2258.974342
2315.503536
2424.039587
2853.661456
2648.648915
2702.91694
2779.042921
2656.186141
2365.249226
2301.936529
2537.097973
2560.463373
2744.371682
2387.107181
2795.624818
2731.558398
2831.803501
2596.642057
2924.511378
2722.513728
2501.673012
2641.865412
2430.069368
2492.628341
1973.313486
2525.038412
2078.080924
2296.660471
2078.080924
2561.217096
2627.544683
2592.119722
2460.218271
2621.514902
2328.31682
2415.748639
2837.833282
2534.836806
2368.264116
2494.889509
2343.391271
2540.112864
2843.10934
2393.136961
2589.858554
2389.368348
2606.440451
2458.710825
2905.668314
2686.335044
2345.652439
2517.501186
2723.26745
2467.755496
2729.297231
2545.388922
2615.485122
2457.20338
2470.016664
2809.945546
2340.376381
2183.602085
2273.295071
2662.969644
2575.537825
2108.98355
2760.953579
1832.367364
2803.162043
2310.227478
2387.107181
2315.503536
2012.50706
2522.023522
2621.514902
2727.036063
2381.0774
2343.391271
2430.82309
2607.947896
2508.456516
2117.274498
2445.897542
2206.967485
2483.58367
2695.379715
2610.962786
2587.597386
2714.976502
2968.227288
2611.716509
2384.846013
2631.313296
2812.960437
2236.362665
2485.091116
2340.376381
2583.075051
2246.161059
2545.388922
2929.787436
2622.268625
2573.276657
2894.362475
2784.318979
2495.643232
2507.702793
2794.117372
2458.710825
2503.180458
2791.856205
2589.104831
2366.756671
2348.667329
3008.928307
3040.584655
2504.687903
2332.085432
2746.63285
1995.925163
2393.136961
2183.602085
2773.766863
2659.201031
2504.687903
2881.549191
2776.028031
2372.786452
2938.078385
2644.880302
3015.71181
2782.811534
2417.256084
2617.746289
2531.821915
2611.716509
3097.113848
2962.197507
2087.879317
2428.561922
2124.811724
2469.262942
2481.322503
2839.340727
2927.526269
2401.42791
3155.150487
3011.943197
2888.332695
2386.353458
2729.297231
2478.307612
2587.597386
2311.734923
2641.111689
2070.543698
2369.017839
2903.407146
2757.938689
3032.293707
2568.754322
2806.176934
2556.69476
2415.748639
2821.251385
2941.846998
2785.072701
2576.291548
2448.158709
2656.939863
3005.913417
2665.984534
2601.918115
2791.856205
2678.044095
2779.042921
2745.125405
2594.380889
2430.069368
2580.813883
2312.488645
2766.98336
2817.482772
3339.058796
2702.163218
2815.221605
2788.841314
2644.880302
2800.900876
2714.222779
2682.566431
2275.556239
2268.019013
2651.663805
2482.829948
2654.678696
2245.407336
2485.844838
2743.61796
2485.091116
2958.428894
2636.589354
2864.213572
2585.336218
2130.841504
2665.230812
2399.920464
2636.589354
2419.517251
2182.848362
2760.953579
2511.471406
2656.939863
2581.567606
2846.12423
2621.514902
2465.494329
2902.653423
2986.31663
2913.20554
2825.773721
2660.708476
2653.924973
2240.131278
2658.447308
2883.810359
2304.95142
2593.627167
2673.52176
2186.616975
2676.53665
2599.656947
2598.149502
3080.531952
2883.810359
2382.584845
2380.323677
1958.992757
2449.666155
2488.859729
2987.070352
2269.526459
2480.56878
2453.434767
2459.464548
2546.142644
3242.582306
2471.524109
2317.764703
2592.119722
2373.540174
2754.170076
2556.69476
2550.66498
2558.955928
2568.000599
2647.895192
2842.355617
2596.642057
2723.26745
2595.888335
2127.826614
2514.486296
2260.481788
2548.403812
2368.264116
2560.463373
2240.131278
2708.946721
2442.128929
2589.858554
2766.98336
2288.369523
2672.014315
2145.162233
2981.040572
2510.717683
2437.606593
2304.197697
2463.986883
2564.231986
2751.908908
2706.685553
2323.040762
2496.396954
3204.896177
2546.142644
2626.79096
2627.544683
2262.742955
2535.590528
2406.703968
2554.433593
2558.202206
2516.747464
2386.353458
2362.988058
3257.656757
2899.638533
2974.257068
2732.312121
2822.005108
2340.376381
2578.552715
2530.31447
2421.024697
2552.172425
2182.848362
2410.47258
2724.774895
2437.606593
2697.640882
2681.058986
2147.423401
2525.038412
2445.143819
2157.221795
2610.962786
3153.643042
2310.9812
2913.959262
2719.498837
3053.397939
2612.470231
2649.402638
3091.084068
2934.309772
2613.223954
2433.084258
2649.402638
3150.628151
2712.715334
2516.747464
2794.117372
2794.117372
2398.413019
2780.550366
2866.47474
2358.465723
2904.160869
2898.884811
2323.794484
2534.836806
2564.985709
2661.462199
2511.471406
2655.432418
2638.850521
2506.195348
2397.659297
3355.640692
3220.724351
2492.628341
2794.117372
2696.88716
2777.535476
2696.88716
2794.117372
2757.184966
2225.810549
2741.356792
2846.12423
3063.196332
2730.050953
2950.137946
2781.304089
2616.992567
2447.404987
2402.935355
2512.225128
2568.754322
2099.938879
2495.643232
3046.614436
3175.500996
2447.404987
3069.979836
2939.58583
2581.567606
2519.008632
2313.242368
2184.355807
2328.31682
2825.019998
3080.531952
2855.168901
2593.627167
2615.485122
2754.170076
2405.950245
2403.689077
2668.999425
2995.361301
2705.931831
2284.60091
2421.778419
2294.399304
2596.642057
2528.053303
2686.335044
2782.811534
2734.573289
2758.692411
2662.969644
2288.369523
2672.768037
2626.79096
2593.627167
2142.901066
2713.469057
2594.380889
2782.057811
2452.681045
2267.265291
2698.394605
3162.687713
2387.860903
2602.671838
2675.029205
2326.055652
2558.202206
2643.372857
2360.72689
2252.190839
2517.501186
2987.070352
1956.731589
2064.513918
2953.152836
2928.279991
2531.068193
2640.357967
2596.642057
2271.787626
2601.164393
2439.114038
2369.017839
2218.273323
2494.135787
2301.936529
2726.28234
2791.102482
2641.865412
2487.352283
2284.60091
2860.444959
2426.300755
2766.98336
2424.039587
2366.002948
2470.016664
2589.104831
2148.930846
2335.100323
2645.634025
2544.635199
2322.287039
1929.597576
2504.687903
2230.332885
2090.140485
2561.217096
2047.178298
2740.603069
2437.606593
2405.196522
2678.044095
2702.163218
2331.33171
2425.547032
2384.846013
2260.481788
2438.360316
2095.416543
2212.997265
2149.684569
2637.343076
2177.572304
2324.548207
2736.080734
2341.130103
2537.851696
1815.785467
2622.268625
2927.526269
2753.416353
2223.549381
2766.98336
2654.678696
2528.807025
2399.166742
2350.928497
2755.677521
2191.13931
1674.085622
1925.828963
2818.236495
2505.441625
2431.576813
2589.858554
2996.115023
2252.190839
2407.45769
1904.724731
2730.050953
2239.377555
2442.882651
2940.339552
2414.994916
2558.202206
2401.42791
2410.47258
2552.926148
2349.421052
2561.217096
2661.462199
2145.915956
2539.359141
2498.658122
2472.277832
2454.18849
2128.580337
2768.490805
2307.212587
2708.946721
2183.602085
2263.496678
2685.581321
2121.796833
2383.338568
2522.023522
2517.501186
2980.286849
2277.063684
2825.773721
2384.09229
1885.881667
2717.991392
2111.99844
2320.779594
2232.594052
2555.187315
2590.612276
2880.795469
2478.307612
2162.497853
2490.367174
2956.167726
2019.290563
2733.819566
2219.027046
2834.064669
2746.63285
2321.533316
2509.963961
2433.83798
2191.893033
1900.956118
2481.322503
2177.572304
2660.708476
2623.77607
2427.054477
2291.384413
2583.075051
2306.458865
2549.911257
2503.180458
2696.88716
2509.963961
2084.110705
2479.061335
2492.628341
2441.375206
2512.225128
2035.118737
2289.123246
2409.718858
2258.974342
3105.404797
2243.146168
2284.60091
2484.337393
2331.33171
2133.102672
2325.301929
2174.557414
3106.158519
2775.274308
2449.666155
2421.778419
2265.757846
2721.760005
2344.898716
2672.014315
2447.404987
2553.67987
2261.23551
2390.122071
2004.216111
2720.25256
2357.712
2104.461214
2361.480613
1724.585035
2546.142644
2288.369523
1847.441815
2121.796833
2727.036063
2384.846013
2246.914781
2402.181632
2643.372857
2541.620309
2832.557224
2414.994916
2094.662821
2608.701618
2426.300755
2189.631865
2555.187315
2429.315645
2096.170266
2335.854045
2160.990407
2201.691427
2001.954944
2514.486296
2159.482962
2450.419877
2624.529792
2440.621484
2225.056826
2368.264116
2383.338568
2916.22043
2454.18849
2123.304279
2157.975517
2689.349934
2310.9812
1965.022537
2164.005298
2054.715524
1948.440641
2249.175949
2283.847188
1831.613641
2122.550556
2372.786452
2356.958278
2277.063684
2120.289388
2413.487471
2561.217096
2517.501186
2268.019013
2139.886175
2264.2504
2344.898716
2546.142644
2489.613451
2251.437117
2111.99844
1787.144009
2204.706317
2704.424386
2397.659297
2545.388922
2234.101497
2350.928497
1986.126769
2302.690252
2072.051143
2250.683394
2478.307612
2164.75902
2414.994916
2411.980026
2250.683394
2704.424386
2243.899891
2407.45769
2166.266465
2096.923988
2396.151852
2125.565446
2198.676536
2175.311136
2234.101497
2236.362665
1680.869126
2283.093465
2343.391271
2075.819756
2435.345426
2430.069368
2388.614626
2313.996091
2375.801342
2065.26764
2105.214937
2504.687903
2112.752162
2164.005298
2235.608943
2306.458865
2142.901066
2413.487471
2540.112864
2226.564272
2481.322503
2252.190839
2271.787626
2668.999425
2313.996091
2098.431433
2197.169091
2481.322503
2448.158709
2514.486296
2298.921639
2364.495503
2566.493154
2314.749813
2029.842679
2610.209063
2495.643232
2313.996091
2485.844838
2195.661646
2360.72689
2327.563097
2473.031554
2500.165567
2656.186141
2050.193189
2072.051143
2759.446134
2412.733748
2250.683394
2441.375206
2511.471406
2160.236685
1835.382254
2234.101497
2592.119722
2381.0774
2263.496678
2461.725716
2398.413019
2564.231986
2717.237669
2813.714159
2517.501186
2475.292722
2059.991582
2254.452007
2401.42791
2293.645581
2907.929482
2103.707492
2029.842679
2341.130103
2194.907923
1899.448673
2740.603069
2502.426735
2498.658122
2200.183981
2586.843664
2281.58602
2656.186141
2183.602085
2618.500012
2825.773721
2250.683394
2349.421052
2238.623833
2146.669678
2031.350124
1991.402827
2583.828773
2283.847188
2541.620309
2638.850521
2421.024697
2241.638723
2672.768037
2500.165567
2433.83798
2174.557414
2032.857569
2154.206904
2083.356982
2774.520585